sys.exec.out.time {s},dyn.organs.Cli {--},dyn.organs.Clu {--},dyn.organs.Cm {--},dyn.organs.dC_liver_dt {--},dyn.organs.dC_lung_dt {--},dyn.organs.dC_tissue_dt {--}
0,0,0,35,0,102.021276595745,-9.98958333333333
0.01,0.000666900486486323,1.0037793300289,34.9011860351421,0.133380097297265,98.734589410036,-9.77320963824663
0.02,0.00261890280000205,1.97608432381295,34.8044696262271,0.259474756015269,95.6755725091272,-9.56673731210375
0.03,0.00581020350958026,2.91849905718449,34.7097885153422,0.381113090815498,92.7601997475579,-9.36632221358203
0.04,0.0101970879066183,3.83236658407506,34.6170832700095,0.498484672045169,89.969022853557,-9.17170871654136
0.05,0.0157376655498473,4.71886127335695,34.526296915248,0.611758610766507,87.2880135909666,-8.98266959427535
0.06,0.0223916783103845,5.57903387439253,34.4373746672696,0.721088484824245,84.7066313577606,-8.79899911786254
0.07,0.030120355094709,6.41384092838388,34.3502637325675,0.826615698707552,82.2166725112656,-8.62050835197199
0.08,0.0388862978804255,7.22416472647757,34.2649131508415,0.92847183802802,79.8115545956939,-8.44702186075651
0.09,0.0486533895095775,8.01082731343387,34.1812736683583,1.02678036288445,77.4858543076678,-8.27837534066466
0.1,0.0593867170713024,8.77460060438907,34.0992976330995,1.12165785574403,75.2349996043761,-8.11441387764313
0.11,0.0710525067623332,9.51621388524139,34.0189389059361,1.21321496207414,73.0550587626512,-7.95499063484607
0.12,0.0836180674072303,10.2363595041327,33.9401527838791,1.30155711443092,70.9425922886134,-7.79996584366673
0.13,0.0970517406586916,10.9356972824387,33.8628959326351,1.38678510085767,68.894546667902,-7.64920601278841
0.14,0.111322856456551,11.6148580000616,33.7871263264761,1.46899551927043,66.9081766328209,-7.5025832968473
0.15,0.126401692704647,12.2744461987362,33.7128031939662,1.54828114692467,64.9809872779998,-7.35997498394387
0.16,0.142259438389723,12.9150424741929,33.6398869684598,1.62473124563286,63.110690254449,-7.22126307304887
0.17,0.158868159554534,13.5372053791573,33.5683392425487,1.69843181765697,61.2951701213422,-7.08633392040261
0.18,0.176200767673037,14.1414730257304,33.4981227258265,1.76946582321353,59.5324581415335,-6.95507793959186
0.19,0.194230990075063,14.7283644524024,33.4292012054758,1.83791336771827,57.8207116101007,-6.82738934392579
0.2,0.212933342141834,15.2983808044581,33.3615395092904,1.90385186488668,56.1581973498193,-6.70316592254871
0.21,0.232283101049462,15.8520063646733,33.2951034708203,1.96735618034851,54.5432783829349,-6.58230884376912
0.22,0.25225628088009,16.389709462557,33.2298598963874,2.0284987593635,52.974403051453,-6.46472248058421
0.23,0.272829608953115,16.9119432840183,33.1657765337666,2.08734974142917,51.4500960447925,-6.35031425449313
0.24,0.293980503254527,17.4191465985652,33.1028220423623,2.14397706397391,49.9689509279066,-6.23899449452947
0.25,0.315687050862487,17.9117444175499,33.040965964737,2.19844655687437,48.5296238607207,-6.13067630907854
0.26,0.337927987283297,18.3901485942276,32.9801786993741,2.25082202918834,47.1308282717218,-6.02527546853218
0.27,0.36068267662469,18.8547583742831,32.9204314745722,2.30116534922528,45.7713303020888,-5.92271029721008
0.28,0.383931092543753,19.3059609038378,32.8616963233836,2.34953651886667,44.4499448770074,-5.82290157327039
0.29,0.407653799915219,19.7441317006631,32.8039460595227,2.39599374288367,43.1655322913314,-5.72577243556306
0.3,0.431831937172794,20.1696350933106,32.7471542541773,2.44059349386856,41.9169952201052,-5.63124829656248
0.31,0.456447199281908,20.5828246320629,32.6912952136664,2.48339057329254,40.703276082467,-5.53925676066147
0.32,0.481481821307059,20.9840434749582,32.6363439578924,2.52443816911843,39.523354701446,-5.44972754722639
0.33,0.506918562540886,21.373624751625,32.5822761995435,2.56378791032944,38.3762462131208,-5.36259241790741
0.34,0.532740691165523,21.7518919072347,32.5290683240047,2.60148991867973,37.2609991872385,-5.27778510777541
0.35,0.558931969419606,22.1191590285375,32.4766973699409,2.63759285792787,36.1766939282442,-5.19524125992003
0.36,0.585476639246782,22.4757311536614,32.4251410105201,2.67214398077672,35.1224409311336,-5.11489836319522
0.37,0.612359408403668,22.8219045671192,32.3743775352445,2.7051891737132,34.0973794709345,-5.03669569284179
0.38,0.639565437007,23.1579670812749,32.3243858323634,2.73677299991528,33.100676308164,-4.96057425375215
0.39,0.667080324501349,23.4841983053577,32.2751453718416,2.76693874037252,32.1315244954865,-4.88647672617242
0.4,0.694890097030092,23.8008699029737,32.2266361888602,2.79572843334868,31.1891422731425,-4.81434741366219
0.41,0.722981195193616,24.1082458389547,32.1788388678272,2.82318291229941,30.2727720426469,-4.74413219315345
0.42,0.751340462179743,24.4065826162806,32.1317345268792,2.84934184234556,29.3816794098359,-4.67577846696837
0.43,0.779955132252372,24.6961295037343,32.0853048028526,2.87424375539153,28.515152289658,-4.60923511667075
0.44,0.808812819585141,24.9771287548733,32.0395318367094,2.89792608396877,27.6725000661924,-4.54445245863934
0.45,0.837901507427718,25.2498158188441,31.9943982593986,2.92042519387651,26.8530528022897,-4.48138220126242
0.46,0.867209537592984,25.514419543511,31.9498871781384,2.94177641568489,26.0561604939923,-4.4199774036628
0.47,0.89672560025402,25.7711623713283,31.9059821631041,2.9620140751596,25.2811923655338,-4.360192435871
0.48,0.926438724040361,26.0202605283414,31.862667234508,2.98117152266181,24.527536201258,-4.30198294037153
0.49,0.956338266423512,26.2619242066735,31.819926850057,2.99928116157296,23.7945977112608,-4.24530579495386
0.5,0.986413904382183,26.4963577408186,31.7777458927758,3.01637447578947,23.0817999279437,-4.1901190768053
0.51,1.01665562533814,26.7237597780399,31.7361096591836,3.03248205632925,22.3885826310081,-4.13638202778771
0.52,1.04705371835398,26.9443234431463,31.6950038478124,3.04763362708872,21.7144017986996,-4.08405502084493
0.53,1.07759876558453,27.1582364979004,31.6544145480555,3.06185806978604,21.0587290833622,-4.03309952749108
0.54,1.10828163397379,27.3656814952925,31.6143282293371,3.07518344812421,20.4210513095706,-3.98347808633402
0.55,1.13909346718995,27.5668359288991,31.5747317305907,3.08763703120497,19.8008699932944,-3.93515427259079
0.56,1.17002567779095,27.7618723775289,31.5356122500387,3.09924531622299,19.1977008807074,-3.88809266855512
0.57,1.20106993961362,27.9509586453479,31.4969573352619,3.11003405046748,18.6110735053913,-3.84225883497929
0.58,1.23221818037958,28.13425789766,31.4587548735513,3.12002825265738,18.0405307628077,-3.79761928333521
0.59,1.26346257451131,28.3119287925133,31.4209930825337,3.12925223363424,17.485628501015,-3.75414144892126
0.6,1.29479553615215,28.4841256082872,31.3836605010613,3.13772961643585,16.9459351267029,-3.7117936647837
0.61,1.32620971238412,28.6509983674123,31.3467459803586,3.14548335577265,16.4210312256957,-3.67054513642295
0.62,1.35769797663762,28.8126929563619,31.3102386754188,3.15253575692725,15.9105091971525,-3.63036591725667
0.63,1.38925342228743,28.9693512420486,31.2741280366419,3.15890849409716,15.4139729007518,-3.59122688481293
0.64,1.42086935642951,29.1211111847547,31.2384038017069,3.16462262819913,14.9310373162103,-3.55309971762831
0.65,1.45253929383325,29.268106947714,31.2030559876722,3.16969862415318,14.4613282145302,-3.51595687282665
0.66,1.4842569510641,29.410469003462,31.168074883297,3.17415636766329,14.0044818404218,-3.47977156435559
0.67,1.51601624077165,29.5483242370621,31.133451041577,3.17801518151112,13.5601446053831,-3.44451774185904
0.68,1.54781126613827,29.6817960463126,31.0991752724882,3.18129384137838,13.127972790957,-3.41017007016444
0.69,1.57963631548381,29.8110044390346,31.0652386359336,3.18401059121278,12.7076322617208,-3.376703909365
0.7,1.61148585702169,29.9360661275347,31.031632434885,3.18618315815198,12.2987981875894,-3.34409529547759
0.71,1.64335453376222,30.0570946203358,30.9983482087171,3.18782876701932,11.9011547750437,-3.31232092165794
0.72,1.67523715855875,30.1742003112609,30.9653777267252,3.18896415440458,11.5143950069175,-3.28135811995547
0.73,1.70712870929275,30.2874905659562,30.9327129818243,3.18960558234252,11.1382203903993,-3.2511848435909
0.74,1.73902432419364,30.3970698059327,30.9003461844213,3.18976885160148,10.7723407129276,-3.22177964974021
0.75,1.77091929728975,30.5030395902039,30.8682697564586,3.18946931459391,10.4164738056724,-3.19312168280942
0.76,1.80280907398653,30.6054986945944,30.8364763256211,3.18872188792019,10.0703453143176,-3.16519065818501
0.77,1.83468924676845,30.7045431887907,30.8049587197048,3.18754106455668,9.73368847687046,-3.13796684644558
0.78,1.86655555102108,30.8002665112039,30.7737099611401,3.18594092569877,9.40624390824114,-3.11143105802062
0.79,1.89840386097,30.8927595417095,30.7427232616666,3.18393515226903,9.08775939134769,-3.08556462828299
0.8,1.93023018573312,30.98211067233,30.7119920171553,3.1815370361004,8.77798967451368,-3.06034940306215
0.81,1.9620306654833,31.0684058759207,30.6815098025733,3.178759490804,8.476696274938,-3.03576772456537
0.82,1.99380156771823,31.1517287729199,30.6512703670871,3.17561506233085,8.18364728802586,-3.01180241769506
0.83,2.0255392836343,31.2321606962189,30.6212676293017,3.17211593923635,7.89861720238041,-2.98843677675033
0.84,2.05724032460185,31.3097807542102,30.59149567263,3.16827396265621,7.62138672026349,-2.96565455250148
0.85,2.08890131873871,31.3846658920659,30.5619487407896,3.16410063600225,7.35174258334212,-2.9434399396265
0.86,2.12051900757938,31.456890951298,30.5326212334248,3.15960713438616,7.08947740354569,-2.92177756449906
0.87,2.15209024283716,31.5265287276528,30.5035077018473,3.15480431377901,6.83438949886632,-2.90065247331759
0.88,2.1836119832566,31.5936500273857,30.474602844895,3.14970271991422,6.58628273394129,-2.88005012056572
0.89,2.21508129155376,31.6583237219658,30.4459015049047,3.14431259694123,6.34496636526392,-2.8599563577943
0.9,2.2464953314418,31.7206168012534,30.4173986637948,3.13864389583718,6.11025489087448,-2.84035742271592
0.91,2.27785136473955,31.7805944251966,30.389089439256,3.13270628258337,5.88196790438951,-2.82123992860276
0.92,2.30914674856067,31.8383199740889,30.3609690810468,3.12650914611327,5.65992995323263,-2.80259085397915
0.93,2.34037893258132,31.8938550974284,30.3330329673898,3.12006160603862,5.44397040093586,-2.78439753260038
0.94,2.37154545638384,31.9472597614207,30.3052766014677,3.11337252015988,5.23392329338465,-2.76664764370955
0.95,2.40264394687469,31.9985922951615,30.2776956080153,3.10645049176718,5.0296272288854,-2.74932920256458
0.96,2.43367211577428,32.0479094355395,30.2502857300043,3.09930387673769,4.83092523193788,-2.73243055122766
0.97,2.4646277571768,32.0952663708939,30.2230428254196,3.09194079043522,4.63766463059961,-2.71594034960966
0.98,2.49550874517822,32.1407167834631,30.1959628641237,3.08436911441756,4.44969693733342,-2.69984756676237
0.99,2.52631303157028,32.1843128906583,30.1690419248069,3.0765965029571,4.26687773323272,-2.68414147241142
1,2.55703864359887,32.2261054851954,30.1422761920214,3.06863038937983,4.0890665555233,-2.66881162872318
1.01,2.58768368178499,32.2661439741181,30.115661953296,3.06047799222804,3.91612678824348,-2.653847882299
1.02,2.61824631780636,32.3044764167421,30.0891955963304,3.05214632125154,3.74792555600802,-2.63924035639043
1.03,2.64872479243826,32.3411495615527,30.0628736062657,3.04364218323225,3.58433362076436,-2.62497944332914
1.04,2.6791174135517,32.3762088820834,30.0366925630302,3.03497218764684,3.42522528145255,-2.6110557971655
1.05,2.70942255416749,32.4096986118055,30.0106491387571,3.02614275217201,3.27047827648378,-2.59746032651011
1.06,2.73963865056467,32.4416617780557,29.9847400952735,3.01716010803678,3.11997368895452,-2.58418418757241
1.07,2.76976420044161,32.4721402350291,29.9589622816578,3.00803030522602,2.97359585451639,-2.57121877739096
1.08,2.79979776112853,32.5011746958636,29.9333126318636,2.99875921753956,2.83123227182407,-2.55855572725
1.09,2.82973794784987,32.5288047638407,29.9077881624088,2.98935254751071,2.69277351548694,-2.54618689627715
1.1,2.85958343203518,32.5550689627285,29.8823859701281,2.97981583118825,2.55811315145121,-2.53410436521706
1.11,2.88933293967721,32.5800047662896,29.8571032299866,2.97015444278569,2.42714765474266,-2.52230043037626
1.12,2.91898524973579,32.6036486269779,29.8319371929528,2.96037359920147,2.29977632950179,-2.51076759773437
1.13,2.94853919258639,32.6260360038465,29.8068851839308,2.95047836441372,2.17590123124556,-2.49949857721699
1.14,2.97799364851189,32.6472013896895,29.7819445997476,2.94047365375308,2.05542709129166,-2.48848627712591
1.15,3.00734754623666,32.6671783374379,29.7571129071964,2.93036423805699,1.93826124328348,-2.47772379872216
1.16,3.03659986150148,32.6859994858303,29.7323876411329,2.92015474770875,1.82431355175582,-2.46720443095771
1.17,3.06574961567833,32.7036965843803,29.7077664026237,2.9098496765645,1.71349634268293,-2.45692164535164
1.18,3.09479587442399,32.7203005176579,29.6832468571448,2.89945338577134,1.60572433595258,-2.44686909100688
1.19,3.12373774637121,32.7358413289051,29.6588267328305,2.88897010747957,1.50091457971154,-2.43704058976356
1.2,3.15257438185651,32.750348243004,29.6345038187681,2.87840394845198,1.39898638652925,-2.42743013148512
1.21,3.18130497168361,32.7638496888149,29.6102759633413,2.86775889357307,1.29986127132802,-2.41803186947371
1.22,3.20992874592147,32.776373320903,29.5861410726171,2.85703880926096,1.20346289103025,-2.40884011601107
1.23,3.23844497273598,32.7879460406687,29.5620971087777,2.84624744678478,1.10971698587378,-2.39984933802162
1.24,3.26685295725431,32.7985940168999,29.5381420885949,2.83538844549002,1.0185513223486,-2.39105415285424
1.25,3.29515204046119,32.808342705761,29.5142740819458,2.82446533593454,0.929895637709039,-2.38244932417956
1.26,3.32334159812601,32.8172168702345,29.4904912103694,2.81348154293763,0.843681586017458,-2.37402975799956
1.27,3.35142103976008,32.8252405990308,29.4667916456626,2.80244038854455,0.759842685676033,-2.36579049876629
1.28,3.37938980760304,32.8324373249803,29.4431736085138,2.7913450949089,0.678314268405293,-2.35772672560689
1.29,3.40724737563783,32.8388298429214,29.4196353671748,2.78019878709518,0.59903342962842,-2.34983374865176
1.3,3.43499324863314,32.8444403271007,29.396175236168,2.76900449580357,0.521938980222578,-2.34210700546323
1.31,3.46262696121288,32.8492903480957,29.3727915750295,2.75776516001925,0.446971399598373,-2.33454205756184
1.32,3.49014807695171,32.8534008892754,29.3494827870857,2.74648362958833,0.374072790070841,-2.32713458704763
1.33,3.51755618749596,32.8567923628109,29.3262473182643,2.7351626677223,0.303186832485724,-2.31988039331375
1.34,3.54485091170934,32.8594846252479,29.3030836559365,2.72380495343318,0.234258743066043,-2.31277538984989
1.35,3.57203189484253,32.8614969926537,29.2799903277919,2.71241308390107,0.167235231445037,-2.3058156011331
1.36,3.5990988077263,32.86284825535,29.2569659007431,2.70098957677622,0.10206445985232,-2.29899715960355
1.37,3.62605134598717,32.8635566922438,29.2340089798609,2.68953687241714,0.0386960034215167,-2.29231630272286
1.38,3.65288922928521,32.8636400847655,29.2111182073381,2.67805733606681,-0.0229191884123985,-2.28576937011286
1.39,3.67961220057338,32.8631157304276,29.1882922614813,2.6665532599685,-0.0828288294555222,-2.2793528007724
1.4,3.7062200253776,32.8620004560117,29.1655298557309,2.65502686542298,-0.14107933326749,-2.2730631303703
1.41,3.7327124910972,32.8603106303967,29.1428297377073,2.6434803047887,-0.197715848671594,-2.26689698861205
1.42,3.75908940632511,32.8580621770354,29.1201906882828,2.63191566342649,-0.252782294291272,-2.26085109667854
1.43,3.78535060018716,32.855270586091,29.0976115206795,2.62033496159042,-0.306321392139324,-2.25492226473464
1.44,3.81149592170007,32.8519509262429,29.0750910795914,2.60874015626617,-0.358374700286154,-2.24910738950579
1.45,3.83752523914763,32.8481178561685,29.0526282403301,2.59713314295848,-0.408982644632685,-2.24340345192076
1.46,3.86343843947436,32.8437856357137,29.0302219079943,2.585515757429,-0.458184549812676,-2.23780751481869
1.47,3.88923542769651,32.8389681367564,29.0078710166617,2.57388977738602,-0.506018669248296,-2.23231672071874
1.48,3.91491612632953,32.8336788537755,28.9855745286029,2.56225692412726,-0.552522214382607,-2.2269282896506
1.49,3.9404804748319,32.82793091413,28.9633314335165,2.55061886413715,-0.597731383111303,-2.2216395170441
1.5,3.9659284290646,32.8217370880585,28.9411407477853,2.53897721063984,-0.641681387436433,-2.21644777167653
1.51,3.99125996076597,32.8151097984054,28.9190015137529,2.52733352510901,-0.684406480362663,-2.21135049367581
1.52,4.01647505704146,32.808061130082,28.8969127990194,2.51568931873599,-0.72593998205792,-2.20634519257824
1.53,4.0415737198678,32.8006028392695,28.8748736957569,2.50404605385696,-0.766314305297891,-2.20142944543911
1.54,4.0665559656113,32.7927463623712,28.8528833200433,2.49240514534068,-0.805560980214558,-2.19660089499493
1.55,4.09142182455983,32.7845028247199,28.830940811214,2.48076796193765,-0.843710678367783,-2.1918572478757
1.56,4.1161713404681,32.7758830490485,28.8090453312323,2.46913582759187,-0.880793236158598,-2.18719627286597
1.57,4.14080457011586,32.7668975637293,28.7871960640751,2.45751002271615,-0.916837677602278,-2.18261579921328
1.58,4.16532158287873,32.7575566107886,28.7653922151375,2.44589178543205,-0.951872236478767,-2.17811371498274
1.59,4.1897224603112,32.7478701537032,28.7436330106516,2.43428231277538,-0.985924377877724,-2.17368796545642
1.6,4.21400729574156,32.7378478849838,28.7219176971225,2.42268276186825,-1.01902081915462,-2.16933655157645
1.61,4.23817619387838,32.7274992335517,28.7002455407791,2.41109425105853,-1.05118755031432,-2.16505752843043
1.62,4.2622292704282,32.716833371915,28.6786158270399,2.39951786102775,-1.0824498538375,-2.16084900377826
1.63,4.28616665172422,32.7058592231487,28.6570278599931,2.38795463586811,-1.1128323239656,-2.156709136619
1.64,4.30998847436551,32.6945854676843,28.6354809618914,2.37640558412963,-1.14235888545893,-2.15263613579689
1.65,4.33369488486667,32.6830205499154,28.6139744726601,2.36487167983827,-1.17105281184247,-2.14862825864523
1.66,4.35728603931739,32.6711726846217,28.5925077494187,2.35335386348559,-1.19893674315335,-2.14468380966734
1.67,4.38076210305192,32.6590498632197,28.5710801660154,2.34185304299107,-1.22603270320369,-2.14080113925335
1.68,4.4041232503279,32.6466598598416,28.5496911125748,2.33037009463758,-1.25236211637224,-2.13697864243205
1.69,4.42736966401453,32.6340102372492,28.528339995057,2.31890586398085,-1.27794582393752,-2.13321475765665
1.7,4.45050153528958,32.621108352587,28.5070262348294,2.3074611667337,-1.30280409996507,-2.12950796562369
1.71,4.47351906334529,32.6079613629778,28.4857492682499,2.2960367896256,-1.32695666676126,-2.1258567881241
1.72,4.49642245510257,32.5945762309663,28.4645085462616,2.28463349123837,-1.35042270990508,-2.12225978692552
1.73,4.51921192493357,32.5809597298145,28.4433035339982,2.2732520028186,-1.37322089286998,-2.11871556268513
1.74,4.54188769439221,32.5671184486522,28.4221337104004,2.26189302906748,-1.3953693712466,-2.11522275389204
1.75,4.56444999195252,32.5530587974884,28.4009985678426,2.2505572489086,-1.41688580657747,-2.11178003583851
1.76,4.58689905275451,32.5387870120846,28.3798976117699,2.23924531623441,-1.43778737981427,-2.10838611961918
1.77,4.60923511835748,32.524309158697,28.3588303603447,2.22795786063188,-1.45809080440814,-2.10503975115755
1.78,4.63145843650038,32.5096311386882,28.3377963441033,2.21669548808795,-1.47781233904266,-2.10173971025897
1.79,4.65356926086926,32.494758693014,28.3167951056216,2.20545878167531,-1.4969678000198,-2.09848480968946
1.8,4.67556785087135,32.479697406588,28.2958261991896,2.19424830221903,-1.51557257330794,-2.09527389427953
1.81,4.69745447141581,32.4644527125269,28.2748891904955,2.1830645889447,-1.53364162626134,-2.09210584005249
1.82,4.71922939270083,32.4490298962808,28.2539836563174,2.17190816010843,-1.55118951902013,-2.08897955337643
1.83,4.74089289000696,32.4334340996504,28.2331091842246,2.16077951360926,-1.56823041559943,-2.08589397013932
1.84,4.76244524349645,32.4176703246952,28.2122653722857,2.14967912758454,-1.58477809467594,-2.08284805494658
1.85,4.78388673801851,32.4017434375352,28.1914518287859,2.13860746098864,-1.60084596008083,-2.07984080034045
1.86,4.80521766292025,32.3856581720491,28.1706681719507,2.12756495415555,-1.6164470510063,-2.07687122604069
1.87,4.82643831186315,32.3694191334716,28.1499140296784,2.11655202934574,-1.63159405193401,-2.07393837820583
1.88,4.84754898264496,32.3530308018931,28.1291890392786,2.10556909127773,-1.64629930229285,-2.07104132871468
1.89,4.86854997702681,32.3364975356638,28.1084928472192,2.09461652764488,-1.66057480585352,-2.06817917446727
1.9,4.88944160056546,32.3198235747052,28.087825108879,2.08369470961761,-1.67443223986709,-2.06535103670489
1.91,4.91022416245047,32.3030130437318,28.0671854883075,2.07280399233171,-1.68788296395442,-2.06255606034864
1.92,4.93089797534614,32.2860699553844,28.0465736579918,2.0619447153629,-1.70093802875347,-2.05979341335591
1.93,4.95146335523828,32.2689982132787,28.0259892986286,2.05111720318815,-1.71360818433074,-2.05706228609449
1.94,4.97192062128533,32.2518016149706,28.0054320989038,2.0403217656341,-1.7259038883638,-2.05436189073361
1.95,4.99227009567408,32.234483854841,27.9849017552769,2.02955869831286,-1.73783531410066,-2.05169146065162
1.96,5.01251210347955,32.2170485269017,27.9643979717721,2.01882828304569,-1.74941235810232,-2.04905024985979
1.97,5.03264697252918,32.1994991275255,27.9439204597744,2.00813078827473,-1.76064464777449,-2.0464375324417
1.98,5.05267503327093,32.1818390581012,27.9234689378318,1.99746646946327,-1.7715415486939,-2.04385260200806
1.99,5.07259661864548,32.1640716276172,27.9030431314626,1.98683556948472,-1.78211217173534,-2.04129477116618
2,5.09241206396215,32.1462000551741,27.8826427729679,1.97623831900067,-1.79236538000415,-2.038763371004
2.01,5.11212170677861,32.1282274724292,27.8622676012494,1.96567493682844,-1.80230979558026,-2.03625775058811
2.02,5.13172588678418,32.1101569259746,27.8419173616318,1.95514563029815,-1.81195380607827,-2.03377727647548
2.03,5.15122494568669,32.09199137965,27.8215918056905,1.94465059559991,-1.82130557102897,-2.03132133223837
2.04,5.17061922710272,32.0737337167934,27.8012906910835,1.93419001812118,-1.83037302808702,-2.02888931800232
2.05,5.18990907645122,32.05538674243,27.7810137813883,1.92376407277462,-1.83916389906945,-2.02648064999656
2.06,5.20909484085029,32.0369531854013,27.7607608459428,1.91337292431676,-1.84768569582997,-2.02409476011676
2.07,5.22817686901717,32.0184357004369,27.7405316596908,1.90301672765775,-1.85594572597298,-2.02173109549962
2.08,5.24715551117127,31.9998368701696,27.7203260030319,1.89269562816224,-1.86395109841221,-2.01938911810909
2.09,5.26603111894011,31.9811592070955,27.7001436616747,1.88240976194197,-1.87170872877787,-2.01706830433375
2.1,5.28480404526825,31.962405155481,27.6799844264948,1.87215925613993,-1.87922534467652,-2.01476814459526
2.11,5.30347464432891,31.9435770932177,27.6598480933965,1.86194422920667,-1.88650749080792,-2.01248814296738
2.12,5.32204327143842,31.9246773336273,27.6397344631776,1.85176479116871,-1.89356153394227,-2.01022781680542
2.13,5.3405102829732,31.9057081272165,27.619643341399,1.8416210438894,-1.90039366776209,-2.00798669638567
2.14,5.35887603628945,31.8866716633852,27.5995745382566,1.83151308132242,-1.90700991757222,-2.00576432455476
2.15,5.37714088964519,31.8675700720873,27.5795278684578,1.82144098975812,-1.91341614488169,-2.00356025638849
2.16,5.39530520212489,31.8484054254468,27.5595031511004,1.81140484806288,-1.9196180518606,-2.00137405885994
2.17,5.41336933356629,31.8291797393299,27.5395002095555,1.80140472791169,-1.92562118567585,-1.99920531051663
2.18,5.43133364448967,31.8098949748744,27.5195188713534,1.79144069401418,-1.93143094270882,-1.99705360116644
2.19,5.44919849602923,31.7905530399769,27.499558968072,1.78151280433421,-1.93705257265813,-1.99491853157214
2.2,5.46696424986671,31.7711557907403,27.4796203352294,1.77162111030325,-1.94249118253076,-1.9927997131541
2.21,5.48463126816707,31.7517050328815,27.4597028121782,1.7617656570277,-1.94775174052451,-1.99069676770121
2.22,5.50219991351626,31.7322025231007,27.4398062420033,1.75194648349037,-1.95283907980478,-1.98860932708962
2.23,5.5196705488609,31.7126499704142,27.4199304714228,1.74216362274613,-1.95775790217855,-1.98653703300911
2.24,5.53704353745,31.6930490374495,27.4000753506905,1.73241710211213,-1.96251278166827,-1.98447953669691
2.25,5.55431924277841,31.6734013417068,27.3802407335023,1.72270694335251,-1.96710816798857,-1.9824364986788
2.26,5.57149802853227,31.6537084567848,27.3604264769042,1.71303316285791,-1.97154838992824,-1.9804075885172
2.27,5.58858025853606,31.6339719135743,27.3406324412032,1.70339577181982,-1.97583765864022,-1.97839248456611
2.28,5.60556629670147,31.6141932014184,27.3208584898807,1.6937947764,-1.97998007084201,-1.97639087373279
2.29,5.62245650697791,31.5943737692415,27.301104489508,1.68423017789507,-1.98397961192893,-1.97440245124582
2.3,5.63925125330466,31.574515026648,27.2813703096642,1.67470197289631,-1.98784015900274,-1.97242692042954
2.31,5.65595089956455,31.5546183449903,27.2616558228563,1.66521015344506,-1.99156548381769,-1.97046399248459
2.32,5.67255580953922,31.5346850584081,27.2419609044416,1.65575470718349,-1.99515925564652,-1.96851338627443
2.33,5.68906634686589,31.51471646484,27.2222854325519,1.64633561750122,-1.99862504406836,-1.96657482811766
2.34,5.70548287499544,31.4947138270065,27.2026292880204,1.63695286367758,-2.00196632168078,-1.96464805158599
2.35,5.72180575715209,31.4746783733672,27.1829923543093,1.62760642101996,-2.00518646673805,-1.96273279730773
2.36,5.73803535629428,31.4546112990514,27.1633745174411,1.61829626099803,-2.00828876571756,-1.96082881277656
2.37,5.75417203507695,31.4345137667636,27.1437756659302,1.60902235137421,-2.01127641581644,-1.95893585216555
2.38,5.77021615581509,31.4143869076642,27.1241956907174,1.59978465633036,-2.01415252738017,-1.95705367614622
2.39,5.78616808044855,31.3942318222268,27.1046344851055,1.59058313659077,-2.01692012626515,-1.95518205171257
2.4,5.80202817050805,31.3740495810712,27.0850919446971,1.58141774954174,-2.01958215613691,-1.95332075200976
2.41,5.81779678708236,31.3538412257748,27.065567967334,1.57228844934752,-2.0221414807059,-1.95146955616763
2.42,5.83347429078665,31.333607769661,27.0460624530377,1.56319518706309,-2.02460088590226,-1.9496282491386
2.43,5.8490610417319,31.3133501985669,27.0265753039524,1.55413791074355,-2.0269630819916,-1.94779662154003
2.44,5.86455739949549,31.2930694715896,27.0071064242891,1.5451165655504,-2.02923070563298,-1.94597446950089
2.45,5.87996372309272,31.2727665218126,26.9876557202709,1.53613109385476,-2.03140632188108,-1.94416159451257
2.46,5.8952803709494,31.2524422570121,26.9682231000804,1.52718143533752,-2.03349242613384,-1.94235780328373
2.47,5.91050770087546,31.2320975603441,26.9488084738079,1.51826752708669,-2.03549144602702,-1.94056290759913
2.48,5.92564607003945,31.2117332910132,26.9294117534017,1.50938930369179,-2.03740574327724,-1.9387767241823
2.49,5.94069583494403,31.191350284923,26.9100328526192,1.50054669733565,-2.03923761547494,-1.93699907456191
2.5,5.95565735140234,31.1709493553083,26.8906716869793,1.49173963788336,-2.04098929782846,-1.93522978494178
2.51,5.97053097451524,31.1505312933513,26.8713281737166,1.48296805296879,-2.04266296486071,-1.93346868607445
2.52,5.9853170586494,31.1300968687794,26.8520022317362,1.47423186807846,-2.04426073205965,-1.93171561313818
2.53,6.00001595741626,31.1096468304486,26.8326937815705,1.46553100663301,-2.04578465748386,-1.92997040561724
2.54,6.01462802365173,31.0891819069093,26.813402745336,1.45686539006629,-2.04723674332444,-1.92823290718556
2.55,6.02915360939671,31.0687028069581,26.7941290466927,1.44823493790211,-2.0486189374244,-1.92650296559342
2.56,6.04359306587837,31.0482102201734,26.7748726108033,1.43963956782872,-2.04993313475668,-1.92478043255732
2.57,6.05794674349213,31.0277048174376,26.7556333642946,1.43107919577115,-2.051181178862,-1.92306516365277
2.58,6.07221499178436,31.0071872514441,26.7364112352189,1.42255373596136,-2.05236486324754,-1.92135701821005
2.59,6.08639815943584,30.9866581571913,26.7172061530172,1.41406310100638,-2.05348593274764,-1.91965585921278
2.6,6.10049659424579,30.9661181524622,26.6980180484834,1.40560720195437,-2.05454608484735,-1.9179615531992
2.61,6.1145106431166,30.9455678382925,26.6788468537286,1.39718594835876,-2.05554697097013,-1.91627397016626
2.62,6.12844065203919,30.9250077994239,26.6596925021476,1.38879924834053,-2.05649019773028,-1.91459298347616
2.63,6.14228696607902,30.9044386047473,26.6405549283854,1.38044700864854,-2.05737732815162,-1.91291846976552
2.64,6.15604992936259,30.8838608077319,26.6214340683049,1.37212913471814,-2.0582098828527,-1.91125030885703
2.65,6.16972988506465,30.8632749468443,26.6023298589554,1.36384553072802,-2.05898934119989,-1.90958838367344
2.66,6.18332717539586,30.8426815459552,26.5832422385424,1.35559609965536,-2.05971714242921,-1.90793258015394
2.67,6.19684214159106,30.8220811147351,26.5641711463971,1.34738074332933,-2.06039468673737,-1.90628278717278
2.68,6.21027512389805,30.8014741490399,26.5451165229483,1.33919936248293,-2.0610233363434,-1.90463889646011
2.69,6.22362646156684,30.7808611312853,26.5260783096935,1.33105185680342,-2.06160441652122,-1.90300080252499
2.7,6.23689649283948,30.7602425308114,26.507056449172,1.32293812498106,-2.06213921660421,-1.90136840258044
2.71,6.25008555494028,30.7396188042372,26.4880508849379,1.31485806475647,-2.06262899096236,-1.89974159647058
2.72,6.2631939840666,30.7189903958057,26.4690615615342,1.30681157296659,-2.06307495995292,-1.89812028659976
2.73,6.27622211537995,30.6983577377194,26.4500884244677,1.29879854558917,-2.06347831084514,-1.89650437786352
2.74,6.28917028299767,30.6777212504666,26.4311314201842,1.29081887778595,-2.06384019871987,-1.89489377758153
2.75,6.30203881998496,30.6570813431394,26.4121904960447,1.28287246394454,-2.0641617473447,-1.8932883954323
2.76,6.31482805834734,30.6364384137419,26.393265600302,1.27495919771898,-2.06444405002519,-1.8916881433897
2.77,6.32753832902349,30.6157928494916,26.3743566820784,1.26707897206911,-2.0646881704331,-1.89009293566113
2.78,6.34016996187854,30.5951450271112,26.3554636913432,1.25923167929871,-2.064895143412,-1.88850268862745
2.79,6.35272328569764,30.574495313113,26.3365865788915,1.25141721109245,-2.06506597576092,-1.8869173207845
2.8,6.36519862817996,30.553844064076,26.3177252963235,1.24363545855176,-2.06520164699677,-1.88533675268622
2.81,6.37759631593306,30.5331916269148,26.2988797960236,1.23588631222951,-2.06530311009594,-1.8837609068893
2.82,6.38991667446752,30.5125383391413,26.2800500311414,1.2281696621637,-2.06537129221587,-1.88218970789936
2.83,6.402160028192,30.4918845291198,26.2612359555718,1.22048539791005,-2.06540709539671,-1.88062308211856
2.84,6.41432670040853,30.4712305163145,26.2424375239369,1.2128334085736,-2.06541139724422,-1.87906095779466
2.85,6.42641701330819,30.4505766115307,26.2236546915672,1.20521358283933,-2.06538505159386,-1.87750326497144
2.86,6.43843128796701,30.4299231171493,26.2048874144843,1.19762580900177,-2.06532888915688,-1.8759499354405
2.87,6.45036984434228,30.409270327355,26.1861356493833,1.19006997499377,-2.06524371814893,-1.87440090269429
2.88,6.46223300126897,30.3886185283582,26.1673993536165,1.18254596841429,-2.06513032490133,-1.87285610188053
2.89,6.47402107645664,30.3679679986108,26.1486784851766,1.17505367655533,-2.06498947445604,-1.87131546975778
2.9,6.48573438648638,30.3473190090164,26.1299730026811,1.16759298642803,-2.06482191114412,-1.86977894465225
2.91,6.49737324680821,30.3266718231347,26.1112828653565,1.16016378478792,-2.06462835914871,-1.86824646641576
2.92,6.50893797173862,30.3060266973799,26.0926080330237,1.15276595815936,-2.06440952305255,-1.86671797638486
2.93,6.52042887445836,30.2853838812147,26.073948466083,1.14539939285921,-2.06416608837058,-1.86519341734109
2.94,6.53184626701049,30.2647436173376,26.0553041255,1.13806397501975,-2.0638987220682,-1.86367273347222
2.95,6.54319046029865,30.2441061418668,26.0366749727917,1.13075959061083,-2.06360807306534,-1.86215587033467
2.96,6.55446176408552,30.2234716845177,26.0180609700128,1.12348612546131,-2.06329477272679,-1.86064277481683
2.97,6.56566048699154,30.202840468776,25.9994620797429,1.11624346527985,-2.06295943533921,-1.85913339510346
2.98,6.57678693649377,30.1822127120667,25.9808782650735,1.10903149567495,-2.06260265857524,-1.85762768064105
2.99,6.58784141892502,30.1615886259175,25.9623094895955,1.10185010217439,-2.06222502394489,-1.85612558210402
3,6.59882423947313,30.1409684161187,25.9437557173873,1.09469917024399,-2.06182709723468,-1.85462705136199
3.01,6.60973570218041,30.1203522828779,25.9252169130028,1.08757858530577,-2.06140942893484,-1.85313204144782
3.02,6.62057610994332,30.0997404209714,25.90669304146,1.08048823275555,-2.06097255465495,-1.85164050652655
3.03,6.63134576451226,30.0791330198903,25.8881840682297,1.07342799797985,-2.06051699552814,-1.85015240186522
3.04,6.6420449664916,30.0585302639844,25.8696899592249,1.06639776637234,-2.06004325860441,-1.84866768380344
3.05,6.6526740153398,30.0379323325999,25.85121068079,1.05939742334968,-2.05955183723318,-1.84718630972485
3.06,6.66323320936972,30.0173394002156,25.8327461996906,1.05242685436683,-2.05904321143553,-1.84570823802921
3.07,6.67372284574907,29.9967516365738,25.8142964831033,1.04548594493185,-2.05851784826617,-1.84423342810545
3.08,6.68414322050102,29.9761692068085,25.7958614986062,1.03857458062017,-2.05797620216572,-1.84276184030523
3.09,6.69449462850495,29.9555922715697,25.7774412141693,1.03169264708841,-2.05741871530327,-1.84129343591738
3.1,6.7047773634973,29.9350209871446,25.759035598145,1.02484003008769,-2.05684581790975,-1.83982817714297
3.11,6.7149917180726,29.9144555055753,25.7406446192594,1.01801661547646,-2.05625792860213,-1.83836602707105
3.12,6.72513798368461,29.8938959747735,25.7222682466036,1.01122228923298,-2.05565545469882,-1.83690694965505
3.13,6.73521645064756,29.8733425386318,25.7039064496249,1.00445693746719,-2.05503879252658,-1.83545090968987
3.14,6.74522740813751,29.8527953371321,25.6855591981186,0.997720446432355,-2.05440832771891,-1.83399787278949
3.15,6.75517114419389,29.8322545064514,25.6672264622199,0.991012702536124,-2.05376443550656,-1.83254780536528
3.16,6.76504794572103,29.8117201790644,25.6489082123962,0.984333592351311,-2.0531074809999,-1.83110067460486
3.17,6.77485809848991,29.7911924838428,25.6306044194391,0.977683002626227,-2.05243781946381,-1.82965644845154
3.18,6.78460188713996,29.7706715461533,25.6123150544572,0.971060820294651,-2.05175579658487,-1.82821509558428
3.19,6.79427959518094,29.7501574879515,25.594040088869,0.964466932485442,-2.05106174873156,-1.82677658539827
3.2,6.80389150499494,29.7296504278737,25.5757794943953,0.957901226531784,-2.05035600320714,-1.82534088798596
3.21,6.81343789783849,29.7091504813271,25.5575332430528,0.9513635899801,-2.0496388784958,-1.82390797411863
3.22,6.8229190538447,29.6886577605761,25.5393013071473,0.944853910598616,-2.04891068450201,-1.8224778152285
3.23,6.83233525202556,29.6681723748271,25.5210836592668,0.938372076385618,-2.04817172278352,-1.82105038339124
3.24,6.84168677027423,29.6476944303112,25.5028802722757,0.931917975577384,-2.04742228677779,-1.81962565130903
3.25,6.8509738853675,29.6272240303638,25.4846911193084,0.925491496655805,-2.04666266202251,-1.81820359229404
3.26,6.86019687296827,29.606761275503,25.4665161737632,0.919092528355727,-2.04589312636992,-1.81678418025235
3.27,6.8693560076281,29.586306263505,25.4483554092963,0.91272095967199,-2.04511395019542,-1.81536738966838
3.28,6.87845156278985,29.5658590894783,25.4302087998166,0.90637667986619,-2.04432539660048,-1.81395319558959
3.29,6.88748381079038,29.5454198459352,25.4120763194796,0.90005957847318,-2.04352772161004,-1.81254157361177
3.3,6.89645302286333,29.5249886228617,25.3939579426822,0.893769545307294,-2.04272117436444,-1.81113249986458
3.31,6.90535946914192,29.5045655077854,25.3758536440576,0.887506470468331,-2.04190599730635,-1.80972595099759
3.32,6.91420341866184,29.4841505858414,25.3577633984699,0.881270244347277,-2.04108242636238,-1.80832190416664
3.33,6.92298513936418,29.463743939837,25.3396871810093,0.875060757631798,-2.04025069111993,-1.80692033702056
3.34,6.93170489809846,29.4433456503141,25.3216249669869,0.868877901311494,-2.03941101499906,-1.80552122768828
3.35,6.94036296062561,29.4229557956096,25.3035767319305,0.862721566682932,-2.03856361541992,-1.80412455476631
3.36,6.94895959162114,29.4025744519153,25.2855424515795,0.856591645354456,-2.03770870396536,-1.80273029730646
3.37,6.95749505467822,29.3822016933351,25.2675221018808,0.850488029250787,-2.03684648653932,-1.80133843480402
3.38,6.96596961231086,29.3618375919409,25.2495156589839,0.844410610617413,-2.03597716352088,-1.79994894718617
3.39,6.97438352595721,29.3414822178275,25.2315230992373,0.838359282024789,-2.03510092991396,-1.79856181480073
3.4,6.98273705598276,29.3211356391654,25.2135443991837,0.832333936372329,-2.0342179754932,-1.79717701840521
3.41,6.99103046168366,29.3007979222524,25.1955795355564,0.826334466892229,-2.03332848494569,-1.79579453915618
3.42,6.99926400129008,29.2804691315637,25.1776284852753,0.820360767153081,-2.0324326380089,-1.79441435859887
3.43,7.00743793196961,29.2601493298011,25.1596912254429,0.814412731063347,-2.03153060960487,-1.79303645865714
3.44,7.01555250983062,29.2398385779401,25.1417677333406,0.808490252874621,-2.03062256997078,-1.7916608216236
3.45,7.02360798992576,29.2195369352763,25.1238579864251,0.802593227184762,-2.02970868478587,-1.79028743015014
3.46,7.0316046262554,29.1992444594705,25.1059619623249,0.796721548940842,-2.02878911529508,-1.78891626723855
3.47,7.03954267177117,29.178961206592,25.0880796388368,0.790875113441947,-2.02786401842908,-1.78754731623158
3.48,7.04742237837944,29.1586872311619,25.0702109939225,0.785053816341827,-2.0269335469213,-1.78618056080407
3.49,7.05524399694494,29.1384225861938,25.0523560057055,0.779257553651402,-2.02599784942161,-1.78481598495443
3.5,7.06300777729431,29.1181673232344,25.0345146524675,0.773486221741119,-2.02505707060698,-1.78345357299628
3.51,7.07071396821971,29.0979214924028,25.0166869126457,0.767739717343179,-2.0241113512891,-1.78209330955039
3.52,7.07836281748244,29.0776851424284,24.9988727648298,0.762017937553625,-2.02316082851905,-1.78073517953676
3.53,7.08595457181661,29.0574583206883,24.9810721877584,0.75632077983431,-2.02220563568922,-1.77937916816697
3.54,7.09348947693279,29.0372410732429,24.9632851603171,0.750648142014728,-2.0212459026324,-1.77802526093668
3.55,7.10096777752169,29.0170334448717,24.9455116615347,0.744999922293736,-2.02028175571811,-1.77667344361842
3.56,7.10838971725788,28.9968354791068,24.9277516705814,0.739376019241151,-2.01931331794645,-1.77532370225446
3.57,7.1157555388035,28.9766472182668,24.9100051667653,0.733776331799236,-2.0183407090393,-1.77397602314999
3.58,7.12306548381196,28.9564687034884,24.8922721295304,0.728200759284077,-2.01736404552904,-1.77263039286635
3.59,7.13031979293174,28.9362999747585,24.8745525384538,0.722649201386855,-2.01638344084493,-1.77128679821462
3.6,7.13751870581012,28.9161410709447,24.8568463732433,0.717121558175014,-2.01539900539708,-1.76994522624916
3.61,7.14466246109692,28.8959920298247,24.8391536137349,0.711617730093326,-2.01441084665816,-1.76860566426155
3.62,7.15175129644834,28.8758528881157,24.8214742398906,0.706137617964866,-2.0134190692429,-1.76726809977452
3.63,7.15878544853067,28.8557236815025,24.8038082317962,0.700681122991891,-2.01242377498538,-1.76593252053614
3.64,7.16576515302415,28.8356044446648,24.7861555696588,0.695248146756626,-2.01142506301432,-1.76459891451409
3.65,7.17269064462676,28.815495211304,24.7685162338046,0.689838591221969,-2.01042302982619,-1.7632672698902
3.66,7.17956215705799,28.7953960141693,24.7508902046773,0.684452358732105,-2.00941776935643,-1.76193757505502
3.67,7.18637992306271,28.7753068850826,24.7332774628355,0.679089352013046,-2.00840937304871,-1.76060981860256
3.68,7.19314417441495,28.7552278549634,24.7156779889509,0.673749474173083,-2.00739792992236,-1.75928398932526
3.69,7.19985514192174,28.7351589538528,24.6980917638062,0.668432628703173,-2.00638352663781,-1.75796007620894
3.7,7.20651305542695,28.7151002109363,24.6805187682936,0.663138719477239,-2.00536624756041,-1.75663806842807
3.71,7.21311814381509,28.695051654567,24.6629589834124,0.657867650752412,-2.00434617482249,-1.75531795534097
3.72,7.21967063501518,28.6750133122873,24.6454123902676,0.652619327169194,-2.00332338838366,-1.75399972648532
3.73,7.22617075600454,28.6549852108503,24.6278789700677,0.647393653751563,-2.00229796608954,-1.75268337157364
3.74,7.23261873281266,28.6349673762411,24.6103587041235,0.642190535907004,-2.00126998372887,-1.75136888048902
3.75,7.23901479052504,28.6149598336965,24.5928515738461,0.637009879426489,-2.00023951508907,-1.75005624328085
3.76,7.245359153287,28.594962607725,24.5753575607453,0.631851590484388,-1.99920663201028,-1.74874545016077
3.77,7.25165204430749,28.5749757221262,24.5578766464278,0.626715575638328,-1.99817140443796,-1.74743649149862
3.78,7.257893685863,28.5549992000094,24.5404088125961,0.621601741828993,-1.99713390047402,-1.74612935781859
3.79,7.26408429930132,28.5350330638114,24.5229540410466,0.616509996379871,-1.99609418642667,-1.74482403979541
3.8,7.27022410504538,28.5150773353148,24.5055123136683,0.611440246996952,-1.99505232685872,-1.74352052825072
3.81,7.2763133225971,28.4951320356648,24.4880836124412,0.606392401768368,-1.9940083846347,-1.74221881414942
3.82,7.28235217054118,28.4751971853862,24.4706679194349,0.601366369163996,-1.99296242096679,-1.74091888859622
3.83,7.28834086654892,28.4552728043996,24.4532652168075,0.596362058035004,-1.99191449545925,-1.73962074283224
3.84,7.29427962738205,28.4353589120371,24.4358754868038,0.59137937761336,-1.99086466615188,-1.73832436823169
3.85,7.30016866889652,28.4154555270582,24.4184987117543,0.586418237511289,-1.98981298956215,-1.73702975629869
3.86,7.30600820604628,28.3955626676642,24.4011348740739,0.581478547720699,-1.98875952072633,-1.73573689866409
3.87,7.31179845288712,28.3756803515133,24.3837839562606,0.576560218612559,-1.98770431323928,-1.73444578708246
3.88,7.31753962258042,28.3558085957347,24.366445940894,0.57166316093624,-1.98664741929345,-1.73315641342909
3.89,7.32323192739695,28.3359474169424,24.3491208106347,0.566787285818824,-1.98558888971655,-1.73186876969715
3.9,7.32887557872062,28.3160968312486,24.3318085482226,0.561932504764363,-1.98452877400833,-1.73058284799484
3.91,7.33447078705227,28.2962568542769,24.3145091364759,0.557098729653125,-1.98346712037646,-1.72929864054266
3.92,7.34001776201342,28.276427501175,24.2972225582904,0.55228587274079,-1.98240397577114,-1.72801613967074
3.93,7.34551671235002,28.2566087866271,24.2799487966376,0.547493846657616,-1.9813393859191,-1.7267353378163
3.94,7.3509678459362,28.2368007248662,24.2626878345646,0.542722564407583,-1.98027339535647,-1.72545622752103
3.95,7.35637136977796,28.2170033296854,24.2454396551921,0.537971939367501,-1.9792060474608,-1.72417880142873
3.96,7.36172749001696,28.1972166144497,24.2282042417142,0.533241885286093,-1.97813738448231,-1.72290305228286
3.97,7.3670364119342,28.1774405921069,24.2109815773969,0.528532316283044,-1.97706744757409,-1.72162897292421
3.98,7.3722983399537,28.1576752751988,24.1937716455776,0.523843146848033,-1.97599627682169,-1.72035655628868
3.99,7.37751347764624,28.1379206758711,24.1765744296635,0.51917429183974,-1.97492391127182,-1.71908579540502
4,7.38268202773303,28.1181768058843,24.1593899131313,0.514525666484818,-1.97385038896023,-1.71781668339272
4.01,7.38780419208936,28.0984436766232,24.1422180795261,0.509897186376856,-1.97277574693885,-1.71654921345987
4.02,7.39288017174831,28.078721299107,24.1250589124602,0.505288767475307,-1.9717000213023,-1.71528337890118
4.03,7.39791016690434,28.0590096839984,24.107912395613,0.500700326104414,-1.97062324721355,-1.71401917309597
4.04,7.40289437691702,28.0393088416129,24.0907785127293,0.496131778952091,-1.96954545892893,-1.71275658950624
4.05,7.40783300031456,28.019618781928,24.0736572476191,0.491583043068804,-1.96846668982245,-1.71149562167477
4.06,7.41272623479752,27.9999395145914,24.0565485841564,0.487054035866429,-1.9673869724095,-1.71023626322333
4.07,7.41757427724235,27.98027104893,24.0394525062788,0.482544675117087,-1.9663063383699,-1.70897850785087
4.08,7.42237732370502,27.9606133939578,24.0223689979864,0.478054878951973,-1.96522481857023,-1.7077223493318
4.09,7.42713556942462,27.9409665583841,24.0052980433413,0.473584565860153,-1.96414244308573,-1.70646778151428
4.1,7.43184920882689,27.9213305506211,23.9882396264666,0.469133654687368,-1.96305924122144,-1.70521479831858
4.11,7.43651843552781,27.9017053787919,23.971193731546,0.464702064634801,-1.96197524153285,-1.7039633937355
4.12,7.44114344233714,27.8820910507374,23.9541603428229,0.460289715257847,-1.96089047184595,-1.70271356182479
4.13,7.44572442126197,27.8624875740238,23.9371394445998,0.455896526464861,-1.95980495927684,-1.70146529671363
4.14,7.4502615635102,27.8428949559497,23.9201310212375,0.4515224185159,-1.95871873025062,-1.70021859259514
4.15,7.4547550594941,27.8233132035524,23.9031350571546,0.447167312021447,-1.95763181051998,-1.69897344372697
4.16,7.45920509883381,27.8037423236154,23.886151536827,0.442831127941128,-1.9565442251831,-1.69772984442988
4.17,7.46361187036075,27.784182322674,23.8691804447867,0.438513787582419,-1.95545599870119,-1.69648778908636
4.18,7.4679755621212,27.764633207022,23.852221765622,0.434215212599343,-1.95436715491555,-1.69524727213932
4.19,7.47229636137967,27.7450949827178,23.8352754839761,0.429935324991151,-1.95327771706401,-1.69400828809077
4.2,7.47657445462239,27.7255676555903,23.8183415845471,0.425674047101012,-1.95218770779718,-1.69277083150059
4.21,7.48081002756073,27.7060512312449,23.8014200520873,0.421431301614671,-1.95109714919405,-1.69153489698527
4.22,7.48500326513463,27.6865457150685,23.7845108714024,0.417207011559119,-1.95000606277727,-1.69030047921671
4.23,7.48915435151599,27.667051112236,23.7676140273511,0.413001100301246,-1.94891446952795,-1.68906757292109
4.24,7.49326347011207,27.6475674277146,23.7507295048447,0.408813491546493,-1.94782238990018,-1.68783617287769
4.25,7.49733080356886,27.6280946662699,23.7338572888464,0.404644109337491,-1.94672984383497,-1.68660627391781
4.26,7.50135653377447,27.6086328324701,23.7169973643707,0.4004928780527,-1.94563685077403,-1.68537787092369
4.27,7.50534084186245,27.5891819306919,23.7001497164833,0.396359722405043,-1.94454342967293,-1.68415095882743
4.28,7.50928390821515,27.5697419651243,23.6833143303002,0.392244567440529,-1.94344959901417,-1.68292553261
4.29,7.51318591246704,27.550312939774,23.6664911909872,0.388147338536885,-1.94235537681969,-1.68170158730023
4.3,7.51704703350801,27.5308948584697,23.6496802837599,0.384067961402162,-1.94126078066314,-1.68047911797384
4.31,7.52086744948666,27.5114877248664,23.6328815938826,0.380006362073362,-1.9401658276818,-1.67925811975248
4.32,7.52464733781362,27.49209154245,23.6160951066684,0.375962466915043,-1.93907053458814,-1.67803858780283
4.33,7.52838687516478,27.472706314541,23.5993208074783,0.371936202617933,-1.93797491768111,-1.67682051733569
4.34,7.53208623748456,27.4533320442992,23.5825586817212,0.367927496197535,-1.93687899285717,-1.6756039036051
4.35,7.53574559998915,27.4339687347272,23.5658087148531,0.363936274992732,-1.93578277562088,-1.67438874190749
4.36,7.53936513716974,27.4146163886746,23.5490708923768,0.359962466664387,-1.93468628109531,-1.67317502758085
4.37,7.54294502279572,27.3952750088414,23.5323451998418,0.356005999193951,-1.93358952403223,-1.67196275600392
4.38,7.5464854299179,27.3759445977819,23.5156316228432,0.352066800882058,-1.93249251882182,-1.6707519225954
4.39,7.54998653087167,27.3566251579085,23.4989301470221,0.348144800347125,-1.93139527950231,-1.66954252281317
4.4,7.55344849728019,27.3373166914944,23.4822407580645,0.344239926523953,-1.9302978197693,-1.66833455215356
4.41,7.55687150005754,27.318019200678,23.4655634417015,0.340352108662322,-1.92920015298476,-1.66712800615061
4.42,7.56025570941187,27.2987326874655,23.4488981837085,0.336481276325594,-1.92810229218589,-1.66592288037533
4.43,7.5636012948485,27.279457153734,23.4322449699052,0.332627359389304,-1.92700425009369,-1.66471917043506
4.44,7.56690842517309,27.2601926012354,23.4156037861549,0.328790288039766,-1.92590603912128,-1.66351687197274
4.45,7.57017726849468,27.2409390315986,23.3989746183644,0.32496999277267,-1.92480767138205,-1.6623159806663
4.46,7.5734079922288,27.2216964463329,23.3823574524833,0.321166404391679,-1.92370915869751,-1.66111649222797
4.47,7.57660076310058,27.2024648468309,23.3657522745043,0.317379454007034,-1.92261051260506,-1.65991840240368
4.48,7.57975574714774,27.1832442343709,23.3491590704622,0.31360907303416,-1.92151174436538,-1.65872170697242
4.49,7.58287310972369,27.1640346101203,23.332577826434,0.309855193192259,-1.92041286496973,-1.6575264017457
4.5,7.58595301550053,27.1448359751376,23.3160085285382,0.306117746502927,-1.91931388514709,-1.65633248256691
4.51,7.5889956284721,27.1256483303754,23.2994511629351,0.30239666528876,-1.91821481537095,-1.65513994531079
4.52,7.59200111195694,27.1064716766827,23.2829057158256,0.298691882171954,-1.9171156658661,-1.65394878588283
4.53,7.59496962860131,27.0873060148076,23.2663721734519,0.295003330072932,-1.9160164466151,-1.65275900021882
4.54,7.59790134038214,27.0681513453993,23.2498505220963,0.291330942208948,-1.91491716736466,-1.65157058428423
4.55,7.60079640861002,27.0490076690108,23.2333407480815,0.287674652092707,-1.91381783763178,-1.65038353407373
4.56,7.60365499393215,27.0298749861012,23.2168428377701,0.284034393530986,-1.91271846670978,-1.64919784561074
4.57,7.60647725633523,27.0107532970374,23.2003567775643,0.280410100623256,-1.91161906367418,-1.64801351494684
4.58,7.60926335514843,26.9916426020968,23.1838825539056,0.276801707760308,-1.91051963738831,-1.64683053816141
4.59,7.61201344904625,26.9725429014692,23.1674201532747,0.273209149622881,-1.90942019650893,-1.64564891136107
4.6,7.61472769605147,26.9534541952588,23.1509695621908,0.269632361180296,-1.90832074949155,-1.64446863067929
4.61,7.61740625353798,26.9343764834861,23.1345307672121,0.266071277689091,-1.90722130459573,-1.6432896922759
4.62,7.62004927823364,26.9153097660901,23.1181037549347,0.262525834691658,-1.9061218698901,-1.6421120923367
4.63,7.62265692622321,26.89625404293,23.1016885119929,0.258995968014891,-1.90502245325744,-1.64093582707304
4.64,7.62522935295107,26.8772093137869,23.0852850250585,0.25548161376883,-1.90392306239944,-1.63976089272136
4.65,7.62776671322414,26.8581755783659,23.0688932808413,0.251982708345311,-1.90282370484134,-1.63858728554284
4.66,7.63026916121467,26.8391528362978,23.0525132660879,0.248499188416622,-1.90172438793666,-1.637415001823
4.67,7.63273685046299,26.8201410871404,23.0361449675821,0.245030990934159,-1.9006251188715,-1.6362440378713
4.68,7.63516993388035,26.8011403303808,23.0197883721446,0.241578053127096,-1.89952590466896,-1.63507439002079
4.69,7.63756856375167,26.7821505654363,23.0034434666325,0.238140312501045,-1.89842675219335,-1.63390605462772
4.7,7.63993289173831,26.7631717916566,22.9871102379392,0.234717706836731,-1.89732766815421,-1.63273902807122
4.71,7.64226306888078,26.7442040083248,22.9707886729943,0.231310174188668,-1.89622865911041,-1.63157330675293
4.72,7.64455924560151,26.7252472146593,22.9544787587634,0.22791765288384,-1.89512973147397,-1.63040888709667
4.73,7.64682157170755,26.7063014098152,22.9381804822474,0.224540081520386,-1.89403089151386,-1.6292457655481
4.74,7.64905019639328,26.6873665928852,22.9218938304828,0.221177398966291,-1.89293214535969,-1.62808393857444
4.75,7.6512452682431,26.6684427629019,22.9056187905416,0.217829544358077,-1.89183349900524,-1.62692340266407
4.76,7.65340693523409,26.649529918838,22.8893553495303,0.214496457099511,-1.89073495831201,-1.62576415432632
4.77,7.65553534473873,26.6306280596089,22.8731034945907,0.211178076860298,-1.88963652901256,-1.62460619009111
4.78,7.65763064352749,26.6117371840727,22.8568632128988,0.207874343574801,-1.88853821671385,-1.62344950650867
4.79,7.65969297777151,26.5928572910324,22.8406344916652,0.204585197440752,-1.88744002690043,-1.62229410014927
4.8,7.66172249304521,26.5739883792367,22.8244173181348,0.201310578917965,-1.88634196493751,-1.62113996760293
4.81,7.66371933432891,26.5551304473809,22.8082116795862,0.198050428727076,-1.88524403607415,-1.61998710547911
4.82,7.66568364601143,26.5362834941089,22.7920175633321,0.194804687848255,-1.88414624544606,-1.61883551040653
4.83,7.66761557189269,26.5174475180133,22.7758349567187,0.191573297519955,-1.88304859807859,-1.61768517903283
4.84,7.66951525518627,26.4986225176373,22.7596638471255,0.188356199237643,-1.88195109888942,-1.61653610802435
4.85,7.67138283852198,26.4798084914752,22.7435042219655,0.185153334752552,-1.88085375269146,-1.61538829406588
4.86,7.67321846394841,26.461005437974,22.7273560686847,0.181964646070429,-1.87975656419535,-1.6142417338604
4.87,7.67502227293548,26.4422133555337,22.7112193747617,0.178790075450291,-1.8786595380121,-1.61309642412887
4.88,7.67679440637694,26.4234322425089,22.6950941277082,0.175629565403188,-1.87756267865565,-1.61195236160998
4.89,7.67853500459294,26.4046620972095,22.6789803150682,0.172483058690967,-1.87646599054519,-1.61080954305993
4.9,7.68024420733244,26.3859029179016,22.6628779244181,0.169350498325051,-1.87536947800773,-1.6096679652522
4.91,7.68192215377579,26.3671547028086,22.6467869433665,0.166231827565208,-1.87427314528026,-1.60852762497732
4.92,7.68356898253718,26.3484174501119,22.630707359554,0.163126989918343,-1.87317699651211,-1.60738851904272
4.93,7.68518483166705,26.3296911579516,22.6146391606529,0.16003592913728,-1.87208103576703,-1.60625064427245
4.94,7.68676983865464,26.310975824428,22.5985823343675,0.156958589219561,-1.87098526702549,-1.605113997507
4.95,7.68832414043035,26.2922714476017,22.5825368684333,0.153894914406246,-1.86988969418664,-1.60397857560312
4.96,7.68984787336821,26.2735780254948,22.5665027506174,0.150844849180715,-1.86879432107038,-1.60284437543363
4.97,7.69134117328828,26.2548955560915,22.5504799687178,0.147808338267482,-1.86769915141929,-1.60171139388717
4.98,7.69280417545908,26.236224037339,22.5344685105639,0.144785326631012,-1.86660418890062,-1.60057962786812
4.99,7.69423701459994,26.2175634671483,22.5184683640156,0.141775759474541,-1.86550943710814,-1.5994490742963
5,7.69563982488342,26.1989138433946,22.5024795169639,0.138779582238909,-1.86441489956391,-1.59831973010688
5.01,7.69701273993768,26.1802751639184,22.48650195733,0.135796740601385,-1.86332057972013,-1.59719159225017
5.02,7.69835589284881,26.161647426526,22.4705356730659,0.132827180474515,-1.86222648096078,-1.59606465769147
5.03,7.6996694161632,26.14303062899,22.4545806521535,0.129870848004964,-1.86113260660334,-1.59493892341086
5.04,7.70095344188988,26.1244247690504,22.4386368826052,0.126927689572364,-1.86003895990045,-1.59381438640309
5.05,7.7022081015028,26.1058298444148,22.422704352463,0.123997651788171,-1.85894554404147,-1.59269104367739
5.06,7.70343352594321,26.0872458527594,22.406783049799,0.121080681494531,-1.85785236215398,-1.59156889225732
5.07,7.70462984562192,26.0686727917291,22.390872962715,0.118176725763142,-1.85675941730542,-1.59044792918062
5.08,7.70579719042158,26.0501106589388,22.3749740793421,0.11528573189413,-1.85566671250441,-1.58932815149906
5.09,7.70693568969899,26.0315594519734,22.3590863878411,0.112407647414928,-1.8545742507023,-1.58820955627828
5.1,7.70804547228735,26.0130191683885,22.343209876402,0.109542420079158,-1.85348203479447,-1.58709214059768
5.11,7.70912666649851,25.9944898057111,22.3273445332438,0.106689997865524,-1.85239006762171,-1.58597590155023
5.12,7.71017940012525,25.97597136144,22.3114903466147,0.103850328976705,-1.85129835197159,-1.58486083624238
5.13,7.71120380044346,25.9574638330466,22.2956473047915,0.101023361838261,-1.85020689057971,-1.5837469417939
5.14,7.71219999421441,25.9389672179749,22.2798153960801,0.0982090450975304,-1.84911568613087,-1.58263421533775
5.15,7.71316810768693,25.9204815136425,22.2639946088148,0.0954073276225538,-1.84802474126043,-1.58152265401994
5.16,7.71410826659964,25.9020067174407,22.2481849313582,0.0926181585009838,-1.84693405855539,-1.58041225499943
5.17,7.71502059618313,25.8835428267353,22.2323863521017,0.0898414870390143,-1.84584364055558,-1.57930301544799
5.18,7.71590522116211,25.8650898388669,22.2165988594644,0.0870772627603049,-1.84475348975481,-1.57819493255007
5.19,7.71676226575765,25.8466477511515,22.2008224418939,0.0843254354049199,-1.8436636086019,-1.5770880035027
5.2,7.71759185368924,25.8282165608805,22.1850570878656,0.0815859549282667,-1.84257399950181,-1.57598222551534
5.21,7.71839410817705,25.8097962653218,22.1693027858828,0.0788587715000419,-1.84148466481661,-1.57487759580981
5.22,7.71916915194397,25.7913868617198,22.1535595244763,0.0761438355031823,-1.84039560686656,-1.57377411162013
5.23,7.71991710721779,25.7729883472957,22.1378272922049,0.0734410975328239,-1.83930682793104,-1.57267177019245
5.24,7.72063809573332,25.7546007192484,22.1221060776545,0.0707505083952618,-1.83821833024954,-1.57157056878492
5.25,7.72133223873445,25.7362239747545,22.1063958694386,0.0680720191069217,-1.83713011602257,-1.57047050466756
5.26,7.72199965697632,25.7178581109685,22.0906966561979,0.0654055808933287,-1.8360421874126,-1.56937157512223
5.27,7.72264047072732,25.699503125024,22.0750084266,0.0627511451880922,-1.83495454654491,-1.56827377744243
5.28,7.72325479977124,25.681159014033,22.0593311693399,0.0601086636318846,-1.83386719550843,-1.56717710893328
5.29,7.72384276340929,25.662825775087,22.0436648731392,0.0574780880714343,-1.83278013635669,-1.56608156691138
5.3,7.72440448046218,25.6445034052574,22.0280095267463,0.0548593705585199,-1.83169337110848,-1.56498714870471
5.31,7.72494006927214,25.6261919015951,22.0123651189364,0.0522524633489732,-1.83060690174878,-1.56389385165256
5.32,7.72544964770498,25.6078912611316,21.9967316385111,0.0496573189016813,-1.82952073022945,-1.56280167310542
5.33,7.72593333315212,25.5896014808789,21.9811090742986,0.0470738898776011,-1.82843485847003,-1.56171061042489
5.34,7.72639124253257,25.5713225578302,21.9654974151533,0.0445021291387744,-1.82734928835848,-1.56062066098358
5.35,7.72682349229498,25.5530544889598,21.9498966499559,0.0419419897473516,-1.82626402175183,-1.55953182216505
5.36,7.7272301984196,25.5347972712235,21.9343067676131,0.0393934249646182,-1.82517906047699,-1.55844409136368
5.37,7.72761147642028,25.5165509015591,21.9187277570578,0.0368563882500248,-1.82409440633127,-1.55735746598462
5.38,7.72796744134647,25.4983153768866,21.9031596072485,0.0343308332602299,-1.82301006108323,-1.55627194344371
5.39,7.72829820778515,25.4800906941083,21.8876023071698,0.0318167138481389,-1.8219260264732,-1.55518752116736
5.4,7.72860388986279,25.4618768501093,21.8720558458318,0.0293139840619565,-1.82084230421391,-1.55410419659248
5.41,7.72888460124733,25.4436738417579,21.8565202122701,0.0268225981442365,-1.81975889599115,-1.55302196716644
5.42,7.72914045515011,25.4254816659054,21.8409953955461,0.0243425105309409,-1.81867580346438,-1.55194083034694
5.43,7.72937156432777,25.4073003193867,21.8254813847463,0.0218736758505069,-1.81759302826723,-1.55086078360196
5.44,7.72957804108419,25.3891297990207,21.8099781689825,0.019416048922912,-1.81651057200813,-1.54978182440966
5.45,7.72975999727241,25.3709701016099,21.7944857373917,0.0169695847587508,-1.81542843627086,-1.54870395025835
5.46,7.72991754429652,25.3528212239416,21.779004079136,0.014534238558312,-1.81434662261506,-1.54762715864638
5.47,7.73005079311356,25.3346831627872,21.7635331834024,0.0121099657106662,-1.81326513257676,-1.54655144708205
5.48,7.73015985423539,25.316555914903,21.7480730394029,0.00969672179275172,-1.81218396766893,-1.5454768130836
5.49,7.73024483773058,25.2984394770305,21.7326236363741,0.00729446256846922,-1.81110312938189,-1.54440325417909
5.5,7.73030585322625,25.280333845896,21.7171849635774,0.00490314398778358,-1.8100226191839,-1.54333076790634
5.51,7.73034300990996,25.2622390182115,21.7017570102986,0.00252272218582394,-1.80894243852154,-1.54225935181287
5.52,7.73035641653155,25.2441549906746,21.6863397658483,0.000153153481997848,-1.80786258882023,-1.54118900345583
5.53,7.73034618140494,25.2260817599687,21.6709332195611,-0.002205605620897,-1.80678307148466,-1.54011972040193
5.54,7.73031241241001,25.2080193227633,21.6555373607961,-0.00455359843755732,-1.80570388789922,-1.5390515002274
5.55,7.73025521699439,25.1899676757142,21.6401521789366,-0.00689086810104245,-1.80462503942841,-1.53798434051788
5.56,7.73017470217529,25.1719268154633,21.62477766339,-0.00921745756365233,-1.80354652741733,-1.5369182388684
5.57,7.73007097454128,25.1538967386397,21.6094138035875,-0.0115334095977913,-1.80246835319195,-1.53585319288328
5.58,7.72994414025413,25.135877441859,21.5940605889845,-0.0138387667968294,-1.80139051805967,-1.5347892001761
5.59,7.72979430505052,25.1178689217238,21.57871800906,-0.0161335715759616,-1.80031302330957,-1.53372625836964
5.6,7.72962157424389,25.0998711748239,21.5633860533169,-0.0184178661730567,-1.79923587021282,-1.53266436509579
5.61,7.7294260527262,25.0818841977368,21.5480647112815,-0.020691692649506,-1.7981590600231,-1.53160351799551
5.62,7.72920784496962,25.063907987027,21.532753972504,-0.0229550928910665,-1.7970825939769,-1.5305437147188
5.63,7.72896705502839,25.0459425392472,21.5174538265576,-0.0252081086087008,-1.79600647329387,-1.52948495292459
5.64,7.72870378654048,25.0279878509378,21.5021642630393,-0.0274507813394047,-1.79493069917717,-1.52842723028071
5.65,7.72841814272934,25.0100439186271,21.4868852715692,-0.0296831524470424,-1.79385527281381,-1.52737054446384
5.66,7.72811022640568,24.9921107388318,21.4716168417904,-0.0319052631231651,-1.79278019537497,-1.52631489315945
5.67,7.72778013996912,24.974188308057,21.4563589633695,-0.0341171543878356,-1.79170546801629,-1.52526027406175
5.68,7.72742798540993,24.9562766227962,21.4411116259957,-0.0363188670904395,-1.79063109187819,-1.52420668487364
5.69,7.72705386431076,24.9383756795316,21.4258748193815,-0.0385104419104971,-1.78955706808617,-1.52315412330661
5.7,7.72665787784829,24.9204854747342,21.410648533262,-0.0406919193584705,-1.78848339775112,-1.52210258708078
5.71,7.72624012679493,24.902606004864,21.395432757395,-0.0428633397765621,-1.78741008196957,-1.52105207392476
5.72,7.72580071152051,24.8847372663701,21.3802274815613,-0.045024743339515,-1.78633712182397,-1.52000258157566
5.73,7.72533973199394,24.8668792556908,21.365032695564,-0.047176170055403,-1.785264518383,-1.51895410777901
5.74,7.7248572877849,24.8490319692538,21.3498483892287,-0.04931765976642,-1.78419227270177,-1.5179066502887
5.75,7.72435347806543,24.8311954034764,21.3346745524036,-0.0514492521496637,-1.78312038582213,-1.51686020686699
5.76,7.72382840161166,24.8133695547655,21.3195111749591,-0.0535709867179155,-1.78204885877291,-1.51581477528437
5.77,7.72328215680537,24.7955544195176,21.304358246788,-0.0556829028204149,-1.78097769257014,-1.5147703533196
5.78,7.7227148416357,24.7777499941193,21.289215757805,-0.0577850396436297,-1.7799068882173,-1.51372693875962
5.79,7.72212655370071,24.7599562749473,21.2740836979471,-0.0598774362120245,-1.77883644670559,-1.51268452939952
5.8,7.72151739020902,24.7421732583682,21.2589620571734,-0.0619601313888216,-1.77776636901407,-1.51164312304245
5.81,7.72088744798141,24.724400940739,21.2438508254646,-0.0640331638767591,-1.77669665610999,-1.51060271749966
5.82,7.72023682345246,24.7066393184071,21.2287499928236,-0.0660965722188451,-1.77562730894891,-1.50956331059036
5.83,7.71956561267209,24.6888883877104,21.2136595492748,-0.0681503947991082,-1.77455832847497,-1.50852490014176
5.84,7.71887391130716,24.6711481449774,21.1985794848644,-0.0701946698433398,-1.77348971562108,-1.50748748398896
5.85,7.71816181464309,24.6534185865273,21.1835097896603,-0.0722294354198389,-1.77242147130913,-1.50645105997495
5.86,7.71742941758537,24.6356997086702,21.1684504537518,-0.0742547294401499,-1.77135359645012,-1.50541562595055
5.87,7.71667681466116,24.6179915077069,21.1534014672497,-0.0762705896597917,-1.77028609194449,-1.50438117977437
5.88,7.71590410002086,24.6002939799297,21.1383628202861,-0.0782770536789918,-1.76921895868212,-1.50334771931277
5.89,7.71511136743961,24.5826071216217,21.1233345030145,-0.0802741589434048,-1.76815219754272,-1.50231524243981
5.9,7.71429871031887,24.5649309290573,21.1083165056096,-0.0822619427448408,-1.76708580939584,-1.50128374703724
5.91,7.71346622168796,24.5472653985023,21.0933088182672,-0.0842404422219785,-1.76601979510112,-1.5002532309944
5.92,7.71261399420555,24.529610526214,21.0783114312043,-0.0862096943610786,-1.76495415550845,-1.49922369220825
5.93,7.71174212016123,24.5119663084412,21.0633243346586,-0.0881697359966931,-1.76388889145812,-1.49819512858328
5.94,7.71085069147699,24.4943327414244,21.0483475188891,-0.0901206038123701,-1.76282400378102,-1.49716753803151
5.95,7.70993979970871,24.4767098213957,21.0333809741754,-0.092062334341358,-1.76175949329872,-1.49614091847239
5.96,7.70900953604771,24.4590975445791,21.0184246908178,-0.0939949639672979,-1.76069536082373,-1.49511526783285
5.97,7.70805999132222,24.4414959071906,21.0034786591376,-0.0959185289249227,-1.75963160715958,-1.49409058404718
5.98,7.70709125599885,24.4239049054381,20.9885428694764,-0.0978330653007435,-1.75856823310096,-1.49306686505704
5.99,7.70610342018408,24.4063245355216,20.9736173121965,-0.0997386090337344,-1.75750523943392,-1.4920441088114
6,7.70509657362573,24.3887547936334,20.9587019776807,-0.101635195916019,-1.75644262693594,-1.49102231326653
6.01,7.70407080571445,24.371195675958,20.9437968563322,-0.103522861593548,-1.75538039637613,-1.49000147638594
6.02,7.70302620548512,24.3536471786722,20.9289019385744,-0.105401641566767,-1.75431854851535,-1.48898159614033
6.03,7.70196286161838,24.3361092979452,20.914017214851,-0.107271571191299,-1.75325708410631,-1.48796267050761
6.04,7.70088086244201,24.3185820299388,20.899142675626,-0.109132685678602,-1.7521960038937,-1.48694469747281
6.05,7.69978029593238,24.3010653708075,20.8842783113835,-0.110985020096638,-1.75113530861436,-1.48592767502807
6.06,7.69866124971591,24.2835593166982,20.8694241126275,-0.112828609370531,-1.75007499899741,-1.48491160117258
6.07,7.69752381107048,24.2660638637507,20.8545800698821,-0.114663488283225,-1.74901507576421,-1.48389647391261
6.08,7.69636806692685,24.2485790080977,20.8397461736912,-0.116489691476133,-1.74795553962873,-1.48288229126139
6.09,7.69519410387004,24.2311047458646,20.8249224146186,-0.118307253449791,-1.74689639129749,-1.48186905123913
6.1,7.6940020081408,24.21364107317,20.810108783248,-0.120116208564501,-1.74583763146968,-1.48085675187299
6.11,7.69279186563696,24.1961879861254,20.7953052701825,-0.121916591040974,-1.74477926083735,-1.47984539119702
6.12,7.69156376191482,24.1787454808353,20.780511866045,-0.123708434960968,-1.74372128008547,-1.47883496725214
6.13,7.69031778219058,24.1613135533977,20.7657285614779,-0.125491774267923,-1.742663689892,-1.47782547808609
6.14,7.68905401134168,24.1438921999036,20.7509553471433,-0.127266642767595,-1.74160649092805,-1.47681692175346
6.15,7.68777253390817,24.1264814164374,20.7361922137223,-0.129033074128679,-1.74054968385797,-1.47580929631556
6.16,7.68647343409413,24.1090811990769,20.7214391519158,-0.13079110188344,-1.73949326933942,-1.47480259984048
6.17,7.68515679576896,24.0916915438933,20.7066961524436,-0.132540759428331,-1.73843724802348,-1.47379683040298
6.18,7.68382270246879,24.0743124469515,20.6919632060451,-0.13428208002461,-1.73738162055474,-1.47279198608455
6.19,7.68247123739781,24.0569439043097,20.6772403034784,-0.136015096798958,-1.73632638757139,-1.47178806497329
6.2,7.68110248342959,24.03958591202,20.6625274355212,-0.137739842744089,-1.73527154970534,-1.47078506516391
6.21,7.67971652310846,24.022238466128,20.6478245929698,-0.139456350719357,-1.73421710758227,-1.46978298475774
6.22,7.67831343865082,24.0049015626734,20.6331317666397,-0.141164653451358,-1.73316306182168,-1.46878182186264
6.23,7.67689331194645,23.9875751976893,20.6184489473651,-0.14286478353454,-1.7321094130371,-1.46778157459301
6.24,7.67545622455985,23.970259367203,20.6037761259992,-0.144556773431791,-1.73105616183604,-1.46678224106974
6.25,7.67400225773154,23.9529540672358,20.5891132934139,-0.146240655475042,-1.73000330882012,-1.46578381942019
6.26,7.67253149237937,23.9356592938026,20.5744604404997,-0.147916461865855,-1.72895085458519,-1.46478630777815
6.27,7.67104400909983,23.918375042913,20.5598175581659,-0.149584224676011,-1.72789879972132,-1.46378970428383
6.28,7.66953988816933,23.9011013105701,20.5451846373401,-0.151243975848096,-1.72684714481295,-1.46279400708381
6.29,7.6680192095455,23.8838380927716,20.5305616689688,-0.152895747196084,-1.72579589043896,-1.46179921433104
6.3,7.66648205286847,23.8665853855093,20.5159486440166,-0.154539570405916,-1.72474503717266,-1.46080532418478
6.31,7.66492849746214,23.8493431847692,20.5013455534666,-0.156175477036074,-1.72369458558193,-1.45981233481057
6.32,7.66335862233545,23.8321114865319,20.4867523883202,-0.157803498518157,-1.72264453622931,-1.45882024438026
6.33,7.66177250618369,23.8148902867721,20.4721691395971,-0.159423666157449,-1.72159488967204,-1.4578290510719
6.34,7.66017022738969,23.7976795814592,20.457595798335,-0.161036011133483,-1.72054564646209,-1.45683875306976
6.35,7.65855186402511,23.7804793665569,20.4430323555901,-0.162640564500609,-1.71949680714625,-1.45584934856432
6.36,7.65691749385171,23.7632896380237,20.4284788024363,-0.164237357188554,-1.71844837226624,-1.45486083575219
6.37,7.65526719432256,23.7461103918126,20.4139351299656,-0.165826420002978,-1.71740034235871,-1.45387321283613
6.38,7.65360104258329,23.728941623871,20.399401329288,-0.167407783626027,-1.71635271795532,-1.45288647802498
6.39,7.65191911547331,23.7117833301414,20.3848773915314,-0.16898147861689,-1.71530549958282,-1.45190062953368
6.4,7.65022148952708,23.6946355065609,20.3703633078416,-0.170547535412342,-1.71425868776306,-1.45091566558323
6.41,7.64850824097527,23.6774981490614,20.3558590693818,-0.172105984327293,-1.71321228301314,-1.44993158440062
6.42,7.64677944574601,23.6603712535696,20.3413646673332,-0.173656855555332,-1.71216628584533,-1.44894838421887
6.43,7.64503517946612,23.6432548160071,20.3268800928948,-0.175200179169263,-1.71112069676727,-1.44796606327697
6.44,7.64327551746227,23.6261488322906,20.3124053372827,-0.176735985121644,-1.71007551628191,-1.44698461981984
6.45,7.6415005347622,23.6090532983318,20.2979403917308,-0.178264303245325,-1.70903074488764,-1.44600405209835
6.46,7.63971030609594,23.5919682100371,20.2834852474907,-0.179785163253972,-1.70798638307829,-1.44502435836924
6.47,7.63790490589695,23.5748935633083,20.2690398958309,-0.181298594742602,-1.7069424313432,-1.44404553689514
6.48,7.63608440830333,23.5578293540423,20.2546043280375,-0.182804627188107,-1.70589889016729,-1.44306758594453
6.49,7.63424888715903,23.540775578131,20.240178535414,-0.184303289949774,-1.70485576003111,-1.44209050379169
6.5,7.63239841601494,23.5237322314618,20.225762509281,-0.185794612269809,-1.70381304141082,-1.44111428871672
6.51,7.63053306813016,23.5066993099171,20.2113562409762,-0.187278623273854,-1.70277073477833,-1.44013893900549
6.52,7.62865291647307,23.4896768093746,20.1969597218545,-0.188755351971501,-1.70172884060127,-1.43916445294961
6.53,7.62675803372257,23.4726647257076,20.1825729432879,-0.190224827256803,-1.70068735934312,-1.43819082884642
6.54,7.62484849226917,23.4556630547846,20.1681958966652,-0.191687077908784,-1.69964629146314,-1.43721806499897
6.55,7.62292436421616,23.4386717924695,20.1538285733925,-0.193142132591947,-1.69860563741654,-1.43624615971597
6.56,7.62098572138075,23.4216909346218,20.1394709648925,-0.194590019856779,-1.69756539765442,-1.4352751113118
6.57,7.61903263529524,23.4047204770963,20.1251230626047,-0.196030768140247,-1.6965255726239,-1.43430491810646
6.58,7.61706517720809,23.3877604157435,20.1107848579855,-0.197464405766302,-1.69548616276807,-1.43333557842555
6.59,7.61508341808511,23.3708107464096,20.0964563425081,-0.198890960946375,-1.69444716852608,-1.43236709060028
6.6,7.61308742861053,23.3538714649361,20.0821375076621,-0.200310461779865,-1.6934085903332,-1.43139945296739
6.61,7.61107727918816,23.3369425671606,20.067828344954,-0.201722936254637,-1.69237042862086,-1.43043266386917
6.62,7.60905303994247,23.320024048916,20.0535288459065,-0.203128412247504,-1.69133268381661,-1.42946672165342
6.63,7.60701478071974,23.3031159060311,20.0392390020592,-0.204526917524721,-1.69029535634424,-1.42850162467345
6.64,7.60496257108911,23.2862181343306,20.0249588049678,-0.20591847974246,-1.68925844662379,-1.42753737128802
6.65,7.60289648034371,23.2693307296348,20.0106882462045,-0.207303126447293,-1.68822195507161,-1.42657395986133
6.66,7.60081657750177,23.2524536877601,19.996427317358,-0.208680885076675,-1.68718588210034,-1.42561138876303
6.67,7.59872293130765,23.2355870045185,19.9821760100331,-0.210051782959413,-1.68615022811901,-1.42464965636814
6.68,7.596615610233,23.2187306757182,19.9679343158507,-0.211415847316144,-1.68511499353301,-1.4236887610571
6.69,7.59449468247778,23.2018846971631,19.9537022264481,-0.212773105259805,-1.68408017874418,-1.42272870121568
6.7,7.59236021597135,23.1850490646535,19.9394797334787,-0.214123583796097,-1.68304578415085,-1.42176947523498
6.71,7.59021227837357,23.1682237739852,19.9252668286118,-0.215467309823959,-1.68201181014781,-1.42081108151143
6.72,7.58805093707582,23.1514088209505,19.9110635035329,-0.216804310136026,-1.68097825712638,-1.41985351844676
6.73,7.58587625920208,23.1346042013376,19.8968697499433,-0.218134611419091,-1.67994512547445,-1.41889678444796
6.74,7.58368831161001,23.117809910931,19.8826855595603,-0.219458240254565,-1.67891241557651,-1.41794087792726
6.75,7.58148716089196,23.1010259455112,19.8685109241169,-0.220775223118931,-1.67788012781367,-1.41698579730214
6.76,7.57927287337604,23.0842523008549,19.8543458353622,-0.222085586384202,-1.67684826256369,-1.41603154099528
6.77,7.57704551512716,23.0674889727351,19.8401902850608,-0.223389356318369,-1.67581682020103,-1.41507810743454
6.78,7.57480515194807,23.0507359569212,19.826044264993,-0.224686559085855,-1.67478580109685,-1.41412549505296
6.79,7.57255184938039,23.0339932491788,19.8119077669548,-0.225977220747954,-1.67375520561905,-1.41317370228871
6.8,7.57028567270564,23.0172608452697,19.7977807827579,-0.227261367263284,-1.67272503413233,-1.41222272758509
6.81,7.56800668694626,23.0005387409522,19.7836633042294,-0.228539024488229,-1.67169528699813,-1.41127256939052
6.82,7.56571495686662,22.983826931981,19.7695553232119,-0.229810218177371,-1.67066596457479,-1.41032322615848
6.83,7.56341054697409,22.9671254141073,19.7554568315635,-0.23107497398394,-1.66963706721747,-1.40937469634753
6.84,7.56109352151998,22.9504341830787,19.7413678211576,-0.232333317460237,-1.66860859527824,-1.40842697842127
6.85,7.55876394450057,22.9337532346391,19.7272882838831,-0.233585274058083,-1.66758054910603,-1.40748007084832
6.86,7.55642187965815,22.9170825645293,19.7132182116439,-0.234830869129231,-1.66655292904674,-1.40653397210229
6.87,7.55406739048198,22.9004221684864,19.6991575963596,-0.236070127925815,-1.66552573544323,-1.40558868066181
6.88,7.55170054020927,22.8837720422442,19.6851064299645,-0.237303075600761,-1.66449896863537,-1.40464419501044
6.89,7.54932139182624,22.8671321815329,19.6710647044083,-0.238529737208223,-1.66347262896,-1.4037005136367
6.9,7.54693000806901,22.8505025820797,19.6570324116557,-0.239750137704,-1.662446716751,-1.40275763503402
6.91,7.54452645142467,22.8338832396082,19.6430095436867,-0.240964301945956,-1.66142123233933,-1.40181555770077
6.92,7.54211078413218,22.8172741498388,19.6289960924958,-0.242172254694442,-1.66039617605305,-1.40087428014016
6.93,7.53968306818343,22.8006753084887,19.6149920500929,-0.24337402061271,-1.65937154821729,-1.39993380086029
6.94,7.53724336532411,22.7840867112717,19.6009974085025,-0.244569624267328,-1.65834734915435,-1.39899411837411
6.95,7.53479173705475,22.7675083538985,19.5870121597642,-0.24575909012859,-1.65732357918366,-1.3980552311994
6.96,7.53232824463166,22.7509402320766,19.5730362959322,-0.246942442570927,-1.65630023862186,-1.39711713785873
6.97,7.52985294906787,22.7343823415104,19.5590698090754,-0.24811970587332,-1.65527732778274,-1.39617983687948
6.98,7.52736591113409,22.717834677901,19.5451126912777,-0.249290904219698,-1.65425484697734,-1.39524332679379
6.99,7.52486719135969,22.7012972369467,19.5311649346373,-0.250456061699343,-1.65323279651397,-1.39430760613857
7,7.52235685003359,22.6847700143425,19.5172265312673,-0.251615202307301,-1.65221117669816,-1.39337267345543
7.01,7.51983494720523,22.6682530057804,19.5032974732951,-0.252768349944768,-1.65118998783274,-1.39243852729074
7.02,7.51730154268551,22.6517462069493,19.4893777528629,-0.253915528419499,-1.65016923021789,-1.39150516619553
7.03,7.51475669604774,22.6352496135354,19.4754673621272,-0.255056761446196,-1.64914890415104,-1.39057258872553
7.04,7.5122004666285,22.6187632212217,19.4615662932588,-0.25619207264691,-1.64812900992704,-1.38964079344112
7.05,7.50963291352864,22.6022870256882,19.4476745384431,-0.257321485551425,-1.64710954783806,-1.38870977890734
7.06,7.50705409561416,22.5858210226122,19.4337920898798,-0.258445023597651,-1.64609051817371,-1.38777954369383
7.07,7.50446407151715,22.5693652076681,19.4199189397826,-0.259562710132013,-1.64507192122094,-1.38685008637485
7.08,7.50186289963668,22.5529195765272,19.4060550803799,-0.260674568409836,-1.64405375726418,-1.38592140552926
7.09,7.49925063813972,22.5364841248582,19.3922005039139,-0.261780621595728,-1.64303602658532,-1.38499349974046
7.1,7.49662734496203,22.5200588483271,19.3783552026411,-0.262880892763966,-1.64201872946365,-1.38406636759644
7.11,7.49399307780912,22.5036437425967,19.3645191688321,-0.263975404898872,-1.641001866176,-1.3831400076897
7.12,7.49134789415705,22.4872388033274,19.3506923947715,-0.265064180895193,-1.63998543699667,-1.38221441861727
7.13,7.48869185125341,22.4708440261768,19.336874872758,-0.266147243558479,-1.63896944219751,-1.38128959898066
7.14,7.48602500611818,22.4544594067997,19.3230665951041,-0.267224615605454,-1.63795388204787,-1.38036554738591
7.15,7.4833474155446,22.4380849408483,19.3092675541363,-0.268296319664395,-1.63693875681469,-1.37944226244347
7.16,7.48065913610006,22.4217206239721,19.2954777421952,-0.269362378275495,-1.63592406676246,-1.37851974276828
7.17,7.47796022412702,22.4053664518181,19.2816971516348,-0.270422813891241,-1.63490981215331,-1.37759798697968
7.18,7.47525073574381,22.3890224200304,19.2679257748232,-0.271477648876772,-1.63389599324689,-1.37667699370147
7.19,7.47253072684556,22.3726885242508,19.2541636041422,-0.272526905510253,-1.63288261030056,-1.37575676156179
7.2,7.46980025310506,22.3563647601184,19.2404106319871,-0.273570605983235,-1.63186966356925,-1.37483728919321
7.21,7.46705936997361,22.3400511232699,19.2266668507671,-0.274608772401014,-1.6308571533056,-1.37391857523263
7.22,7.46430813268187,22.3237476093391,19.2129322529048,-0.275641426782996,-1.62984507975992,-1.37300061832132
7.23,7.46154659624075,22.3074542139579,19.1992068308366,-0.276668591063056,-1.62883344318017,-1.37208341710487
7.24,7.45877481544224,22.2911709327552,19.1854905770122,-0.277690287089888,-1.62782224381208,-1.37116697023319
7.25,7.45599284486027,22.2748977613578,19.1717834838949,-0.278706536627368,-1.62681148189903,-1.37025127636047
7.26,7.45320073885155,22.25863469539,19.1580855439614,-0.279717361354902,-1.62580115768219,-1.36933633414521
7.27,7.45039855155641,22.2423817304734,19.1443967497018,-0.280722782867777,-1.62479127140046,-1.36842214225016
7.28,7.44758633689966,22.2261388622277,19.1307170936196,-0.281722822677519,-1.6237818232905,-1.3675086993423
7.29,7.44476414859139,22.20990608627,19.1170465682315,-0.282717502212228,-1.62277281358677,-1.36659600409288
7.3,7.44193204012785,22.1936833982149,19.1033851660675,-0.283706842816933,-1.62176424252154,-1.36568405517733
7.31,7.43909006479222,22.1774707936751,19.089732879671,-0.284690865753938,-1.62075611032486,-1.36477285127531
7.32,7.4362382756555,22.1612682682606,19.0760897015983,-0.285669592203158,-1.61974841722463,-1.36386239107065
7.33,7.43337672557728,22.1450758175795,19.0624556244189,-0.286643043262468,-1.61874116344656,-1.36295267325134
7.34,7.43050546720659,22.1288934372372,19.0488306407157,-0.287611239948037,-1.61773434921426,-1.36204369650954
7.35,7.4276245529827,22.1127211228374,19.0352147430843,-0.288574203194666,-1.61672797474919,-1.36113545954153
7.36,7.42473403513592,22.0965588699813,19.0216079241335,-0.28953195385613,-1.61572204027068,-1.36022796104773
7.37,7.42183396568846,22.0804066742678,19.0080101764849,-0.290484512705508,-1.61471654599597,-1.35932119973265
7.38,7.41892439645517,22.0642645312939,18.9944214927733,-0.291431900435517,-1.61371149214022,-1.35841517430489
7.39,7.41600537904439,22.0481324366543,18.9808418656463,-0.292374137658846,-1.61270687891652,-1.35750988347712
7.4,7.41307696485872,22.0320103859417,18.9672712877641,-0.29331124490848,-1.61170270653585,-1.3566053259661
7.41,7.41013920509582,22.0158983747466,18.9537097518,-0.294243242638038,-1.61069897520717,-1.3557015004926
7.42,7.40719215074924,21.9997963986574,18.9401572504401,-0.295170151222091,-1.60969568513745,-1.35479840578142
7.43,7.40423585260914,21.9837044532605,18.9266137763831,-0.29609199095649,-1.60869283653157,-1.3538960405614
7.44,7.40127036126313,21.9676225341404,18.9130793223402,-0.297008782058693,-1.60769042959243,-1.35299440356534
7.45,7.39829572709704,21.9515506368793,18.8995538810358,-0.297920544668083,-1.60668846452092,-1.35209349353007
7.46,7.39531200029568,21.9354887570575,18.8860374452063,-0.29882729884629,-1.60568694151598,-1.35119330919633
7.47,7.39231923084364,21.9194368902534,18.872530007601,-0.299729064577511,-1.60468586077452,-1.35029384930886
7.48,7.38931746852605,21.9033950320435,18.8590315609818,-0.300625861768826,-1.60368522249154,-1.34939511261633
7.49,7.38630676292935,21.8873631780021,18.845542098123,-0.301517710250515,-1.60268502686009,-1.3484970978713
7.5,7.38328716344206,21.8713413237018,18.8320616118111,-0.302404629776373,-1.60168527407124,-1.34759980383029
7.51,7.38025871925555,21.8553294647132,18.8185900948455,-0.303286640024025,-1.60068596431418,-1.34670322925367
7.52,7.37722147936479,21.8393275966051,18.8051275400376,-0.30416376059523,-1.59968709777619,-1.34580737290571
7.53,7.37417549256909,21.8233357149444,18.7916739402113,-0.305036011016199,-1.59868867464261,-1.34491223355454
7.54,7.3711208074729,21.8073538152961,18.7782292882027,-0.305903410737901,-1.59769069509694,-1.34401780997214
7.55,7.36805747248652,21.7913818932234,18.7647935768603,-0.306765979136371,-1.59669315932077,-1.34312410093433
7.56,7.36498553582687,21.7754199442878,18.7513667990447,-0.307623735513011,-1.59569606749385,-1.34223110522074
7.57,7.36190504551822,21.7594679640488,18.7379489476288,-0.308476699094903,-1.59469941979404,-1.34133882161483
7.58,7.35881604939293,21.7435259480644,18.7245400154975,-0.309324889035104,-1.5937032163974,-1.34044724890382
7.59,7.35571859509222,21.7275938918905,18.7111399955479,-0.310168324412949,-1.59270745747814,-1.33955638587873
7.6,7.35261273006686,21.7116717910817,18.6977488806892,-0.311007024234357,-1.59171214320865,-1.33866623133434
7.61,7.34949850157794,21.6957596411905,18.6843666638425,-0.311841007432119,-1.59071727375949,-1.33777678406919
7.62,7.34637595669759,21.6798574377679,18.6709933379411,-0.312670292866208,-1.58972284929947,-1.33688804288553
7.63,7.34324514230969,21.6639651763632,18.6576288959301,-0.313494899324061,-1.58872886999557,-1.33600000658936
7.64,7.34010610511061,21.648082852524,18.6442733307665,-0.314314845520884,-1.587735336013,-1.33511267399038
7.65,7.33695889160992,21.6322104617963,18.6309266354193,-0.315130150099942,-1.58674224751525,-1.33422604390197
7.66,7.33380354813113,21.6163479997244,18.6175888028694,-0.315940831632846,-1.58574960466396,-1.33334011514121
7.67,7.33064012081238,21.600495461851,18.6042598261093,-0.316746908619853,-1.58475740761912,-1.33245488652885
7.68,7.32746865560717,21.5846528437174,18.5909396981434,-0.317548399490145,-1.58376565653895,-1.33157035688926
7.69,7.32428919828504,21.5688201408631,18.5776284119878,-0.318345322602121,-1.58277435157991,-1.33068652505049
7.7,7.32110179443232,21.552997348826,18.5643259606704,-0.319137696243685,-1.5817834928968,-1.3298033898442
7.71,7.31790648945282,21.5371844631428,18.5510323372306,-0.319925538632528,-1.58079308064269,-1.32892095010565
7.72,7.31470332856848,21.5213814793483,18.5377475347196,-0.320708867916412,-1.57980311496896,-1.32803920467373
7.73,7.31149235682016,21.505588392976,18.5244715462001,-0.321487702173456,-1.57881359602529,-1.32715815239088
7.74,7.30827361906825,21.4898051995578,18.5112043647463,-0.322262059412408,-1.57782452395968,-1.32627779210315
7.75,7.30504715999341,21.4740318946243,18.4979459834441,-0.323031957572935,-1.57683589891852,-1.32539812266011
7.76,7.30181302409724,21.4582684737045,18.4846963953907,-0.323797414525897,-1.57584772104651,-1.32451914291492
7.77,7.29857125570299,21.442514932326,18.4714555936948,-0.324558448073621,-1.57485999048664,-1.32364085172423
7.78,7.29532189895621,21.426771266015,18.4582235714766,-0.325315075950181,-1.57387270738039,-1.32276324794824
7.79,7.29206499782546,21.4110374702962,18.4450003218676,-0.326067315821672,-1.57288587186751,-1.32188633045065
7.8,7.28880059610296,21.395313540693,18.4317858380108,-0.326815185286485,-1.57189948408618,-1.32101009809864
7.81,7.2855287374053,21.3795994727274,18.4185801130602,-0.327558701875569,-1.57091354417296,-1.3201345497629
7.82,7.28224946517409,21.3638952619201,18.4053831401813,-0.328297883052719,-1.5699280522628,-1.31925968431755
7.83,7.27896282267665,21.3482009037904,18.3921949125508,-0.329032746214827,-1.56894300848909,-1.31838550064021
7.84,7.27566885300662,21.3325163938562,18.3790154233567,-0.329763308692165,-1.5679584129836,-1.3175119976119
7.85,7.27236759908472,21.3168417276343,18.365844665798,-0.330489587748644,-1.56697426587655,-1.31663917411709
7.86,7.26905910365933,21.3011769006399,18.3526826330849,-0.331211600582082,-1.5659905672966,-1.31576702904368
7.87,7.26574340930719,21.2855219083873,18.3395293184388,-0.331929364324468,-1.56500731737085,-1.31489556128296
7.88,7.26242055843405,21.2698767463892,18.326384715092,-0.332642896042228,-1.56402451622482,-1.3140247697296
7.89,7.25909059327531,21.2542414101572,18.313248816288,-0.333352212736484,-1.56304216398259,-1.31315465328167
7.9,7.2557535558967,21.2386158952017,18.3001216152812,-0.334057331343315,-1.56206026076658,-1.31228521084061
7.91,7.25240948819489,21.2230001970319,18.287003105337,-0.334758268734019,-1.5610788066978,-1.31141644131119
7.92,7.24905843189818,21.2073943111555,18.2738932797318,-0.33545504171537,-1.56009780189569,-1.31054834360154
7.93,7.24570042856712,21.1917982330795,18.2607921317527,-0.33614766702988,-1.5591172464782,-1.30968091662313
7.94,7.24233551959515,21.1762119583094,18.2476996546978,-0.336836161356044,-1.55813714056179,-1.30881415929073
7.95,7.23896374620923,21.1606354823495,18.2346158418762,-0.337520541308607,-1.55715748426143,-1.30794807052242
7.96,7.23558514947051,21.1450688007032,18.2215406866076,-0.338200823438815,-1.55617827769061,-1.30708264923958
7.97,7.23219977027494,21.1295119088726,18.2084741822224,-0.33887702423466,-1.55519952096136,-1.30621789436686
7.98,7.22880764935389,21.1139648023588,18.1954163220619,-0.339549160121145,-1.55422121418425,-1.30535380483218
7.99,7.22540882727481,21.0984274766617,18.1823670994782,-0.340217247460522,-1.55324335746836,-1.30449037956675
8,7.22200334444183,21.0828999272801,18.1693265078337,-0.340881302552549,-1.55226595092139,-1.30362761750497
8.01,7.2185912410964,21.0673821497119,18.1562945405018,-0.341541341634735,-1.55128899464953,-1.30276551758452
8.02,7.21517255731789,21.0518741394537,18.1432711908664,-0.34219738088259,-1.5503124887576,-1.30190407874628
8.03,7.21174733302424,21.0363758920012,18.1302564523219,-0.342849436409867,-1.54933643334897,-1.30104329993435
8.04,7.20831560797255,21.0208874028492,18.1172503182732,-0.34349752426881,-1.54836082852557,-1.30018318009602
8.05,7.20487742175971,21.0054086674912,18.104252782136,-0.344141660450397,-1.54738567438798,-1.29932371818176
8.06,7.20143281382299,20.9899396814199,18.0912638373361,-0.344781860884582,-1.54641097103535,-1.29846491314523
8.07,7.19798182344068,20.974480440127,18.0782834773101,-0.345418141440537,-1.54543671856544,-1.29760676394326
8.08,7.19452448973267,20.9590309391032,18.0653116955047,-0.346050517926894,-1.54446291707462,-1.2967492695358
8.09,7.19106085166108,20.9435911738382,18.0523484853771,-0.346679006091983,-1.54348956665789,-1.29589242888597
8.1,7.18759094803082,20.9281611398207,18.0393938403951,-0.347303621624069,-1.54251666740891,-1.29503624096
8.11,7.18411481749025,20.9127408325387,18.0264477540364,-0.347924380151594,-1.54154421941992,-1.29418070472725
8.12,7.1806324985317,20.8973302474792,18.0135102197893,-0.348541297243407,-1.54057222278185,-1.29332581916019
8.13,7.17714402949215,20.8819293801281,18.0005812311523,-0.349154388409004,-1.53960067758428,-1.29247158323436
8.14,7.17364944855376,20.8665382259706,17.9876607816339,-0.349763669098762,-1.53862958391542,-1.29161799592841
8.15,7.17014879374448,20.851156780491,17.9747488647532,-0.350369154704168,-1.5376589418622,-1.29076505622405
8.16,7.16664210293863,20.8357850391728,17.9618454740391,-0.350970860558055,-1.53668875151018,-1.28991276310604
8.17,7.16312941385752,20.8204229974984,17.9489506030309,-0.351568801934834,-1.53571901294359,-1.28906111556221
8.18,7.15961076406998,20.8050706509497,17.9360642452778,-0.352162994050719,-1.53474972624543,-1.28821011258342
8.19,7.15608619099297,20.7897279950075,17.9231863943393,-0.35275345206396,-1.5337808914973,-1.28735975316356
8.2,7.15255573189217,20.7743950251519,17.9103170437846,-0.353340191075071,-1.53281250877955,-1.28651003629953
8.21,7.14901942388254,20.7590717368623,17.8974561871934,-0.353923226127055,-1.53184457817124,-1.28566096099123
8.22,7.14547730392888,20.7437581256171,17.8846038181549,-0.35450257220563,-1.53087709975015,-1.28481252624157
8.23,7.14192940884643,20.7284541868942,17.8717599302686,-0.355078244239457,-1.52991007359278,-1.28396473105645
8.24,7.13837577530142,20.7131599161705,17.8589245171438,-0.35565025710036,-1.52894349977433,-1.28311757444471
8.25,7.13481643981166,20.6978753089222,17.8460975723996,-0.356218625603554,-1.5279773783688,-1.28227105541818
8.26,7.13125143874707,20.6826003606248,17.8332790896652,-0.356783364507859,-1.52701170944886,-1.28142517299164
8.27,7.12768080833027,20.6673350667533,17.8204690625794,-0.357344488515931,-1.52604649308597,-1.2805799261828
8.28,7.12410458463713,20.6520794227815,17.807667484791,-0.357902012274474,-1.52508172935037,-1.2797353140123
8.29,7.12052280359733,20.636833424183,17.7948743499584,-0.358455950374463,-1.52411741831103,-1.2788913355037
8.3,7.11693550099494,20.6215970664304,17.7820896517499,-0.359006317351362,-1.5231535600357,-1.27804798968347
8.31,7.11334271246891,20.6063703449957,17.7693133838434,-0.359553127685341,-1.52219015459089,-1.27720527558099
8.32,7.1097444735137,20.5911532553504,17.7565455399267,-0.360096395801488,-1.52122720204191,-1.27636319222852
8.33,7.10614081947978,20.5759457929651,17.7437861136969,-0.360636136070033,-1.52026470245286,-1.27552173866118
8.34,7.10253178557417,20.5607479533099,17.7310350988612,-0.361172362806554,-1.51930265588665,-1.27468091391698
8.35,7.09891740686104,20.5455597318544,17.7182924891359,-0.361705090272195,-1.51834106240496,-1.27384071703677
8.36,7.0952977182622,20.5303811240673,17.7055582782474,-0.362234332673879,-1.5173799220683,-1.27300114706426
8.37,7.09167275455767,20.5152121254169,17.6928324599311,-0.362760104164512,-1.516419234936,-1.27216220304599
8.38,7.08804255038619,20.5000527313709,17.6801150279325,-0.363282418843208,-1.51545900106616,-1.27132388403132
8.39,7.08440714024579,20.4849029373964,17.667405976006,-0.363801290755482,-1.51449922051578,-1.27048618907243
8.4,7.08076655849433,20.4697627389599,17.654705297916,-0.364316733893472,-1.51353989334065,-1.26964911722431
8.41,7.07712083934998,20.4546321315274,17.642012987436,-0.364828762196141,-1.51258101959539,-1.26881266754473
8.42,7.07347001689179,20.4395111105643,17.6293290383489,-0.365337389549483,-1.51162259933351,-1.26797683909426
8.43,7.06981412506025,20.4243996715356,17.6166534444473,-0.365842629786733,-1.51066463260734,-1.26714163093624
8.44,7.06615319765773,20.4092978099055,17.6039861995328,-0.366344496688569,-1.50970711946805,-1.26630704213677
8.45,7.06248726834908,20.3942055211381,17.5913272974165,-0.366843003983317,-1.5087500599657,-1.26547307176472
8.46,7.05881637066214,20.3791228006967,17.5786767319187,-0.367338165347156,-1.50779345414924,-1.26463971889168
8.47,7.05514053798821,20.3640496440442,17.5660344968692,-0.367829994404318,-1.50683730206645,-1.26380698259199
8.48,7.05145980358264,20.348986046643,17.5534005861067,-0.368318504727294,-1.50588160376398,-1.26297486194273
8.49,7.0477742005653,20.3339320039551,17.5407749934793,-0.368803709837028,-1.50492635928744,-1.26214335602365
8.5,7.04408376192111,20.318887511442,17.5281577128444,-0.369285623203123,-1.50397156868128,-1.26131246391726
8.51,7.04038852050053,20.3038525645649,17.5155487380683,-0.369764258244037,-1.50301723198882,-1.26048218470873
8.52,7.03668850902012,20.2888271587843,17.5029480630267,-0.370239628327282,-1.50206334925235,-1.25965251748592
8.53,7.032983760063,20.2738112895605,17.4903556816042,-0.370711746769624,-1.50110992051302,-1.25882346133938
8.54,7.02927430607938,20.2588049523534,17.4777715876946,-0.371180626837274,-1.50015694581092,-1.25799501536232
8.55,7.02556017938705,20.2438081426223,17.4651957752007,-0.371646281746087,-1.49920442518504,-1.2571671786506
8.56,7.0218414121719,20.2288208558264,17.4526282380344,-0.372108724661757,-1.49825235867332,-1.25633995030274
8.57,7.01811803648842,20.2138430874243,17.4400689701165,-0.37256796870001,-1.4973007463126,-1.25551332941989
8.58,7.01439008426018,20.1988748328743,17.4275179653768,-0.373024026926799,-1.4963495881387,-1.25468731510584
8.59,7.01065758728034,20.1839160876343,17.4149752177541,-0.373476912358492,-1.49539888418634,-1.25386190646696
8.6,7.00692057721214,20.1689668471621,17.4024407211961,-0.373926637962072,-1.4944486344892,-1.25303710261229
8.61,7.00317908558939,20.1540271069148,17.3899144696594,-0.374373216655315,-1.49349883907992,-1.25221290265343
8.62,6.999433143817,20.1390968623495,17.3773964571095,-0.374816661306993,-1.49254949799009,-1.25138930570458
8.63,6.9956827831714,20.1241761089228,17.3648866775206,-0.375256984737053,-1.49160061125028,-1.25056631088252
8.64,6.99192803480106,20.109264842091,17.352385124876,-0.375694199716814,-1.49065217889001,-1.24974391730661
8.65,6.98816892972702,20.0943630573103,17.3398917931674,-0.376128318969143,-1.48970420093778,-1.24892212409877
8.66,6.98440549884329,20.0794707500364,17.3274066763957,-0.376559355168656,-1.48875667742108,-1.24810093038346
8.67,6.98063777291739,20.0645879157248,17.3149297685702,-0.376987320941891,-1.48780960836636,-1.24728033528771
8.68,6.97686578259082,20.0497145498308,17.3024610637091,-0.377412228867502,-1.48686299379907,-1.24646033794106
8.69,6.97308955837951,20.0348506478094,17.2900005558393,-0.377834091476437,-1.48591683374367,-1.24564093747561
8.7,6.96930913067435,20.0199962051154,17.2775482389962,-0.378252921252127,-1.48497112822362,-1.24482213302594
8.71,6.96552452974161,20.0051512172032,17.265104107224,-0.378668730630665,-1.48402587726135,-1.24400392372917
8.72,6.96173578572343,19.9903156795273,17.2526681545754,-0.379081532000987,-1.48308108087833,-1.24318630872489
8.73,6.95794292863831,19.9754895875417,17.2402403751119,-0.379491337705057,-1.48213673909503,-1.24236928715521
8.74,6.95414598838155,19.9606729367003,17.2278207629033,-0.379898160038048,-1.48119285193097,-1.2415528581647
8.75,6.95034499472575,19.9458657224568,17.2154093120282,-0.380302011248516,-1.48024941940465,-1.24073702090041
8.76,6.94653997732123,19.9310679402648,17.2030060165734,-0.380702903538584,-1.47930644153362,-1.23992177451187
8.77,6.94273096569655,19.9162795855777,17.1906108706345,-0.381100849064118,-1.47836391833447,-1.23910711815104
8.78,6.93891798925892,19.9015006538487,17.1782238683154,-0.381495859934904,-1.47742184982283,-1.23829305097234
8.79,6.93510107729468,19.8867311405307,17.1658450037286,-0.381887948214827,-1.47648023601336,-1.23747957213262
8.8,6.93128025896977,19.8719710410768,17.1534742709947,-0.382277125922046,-1.47553907691978,-1.23666668079117
8.81,6.92745556333018,19.8572203509397,17.1411116642431,-0.382663405029166,-1.47459837255487,-1.2358543761097
8.82,6.92362701930237,19.8424790655721,17.1287571776112,-0.383046797463417,-1.47365812293043,-1.23504265725232
8.83,6.9197946556938,19.8277471804264,17.1164108052451,-0.383427315106826,-1.47271832805741,-1.23423152338555
8.84,6.91595850119329,19.8130246909552,17.1040725412989,-0.38380496979639,-1.47177898794571,-1.2334209736783
8.85,6.91211858437155,19.7983115926108,17.0917423799352,-0.384179773324246,-1.4708401026044,-1.23261100730188
8.86,6.90827493368157,19.7836078808455,17.0794203153248,-0.384551737437848,-1.46990167204157,-1.23180162342997
8.87,6.90442757745909,19.7689135511113,17.0671063416468,-0.384920873840132,-1.46896369626442,-1.23099282123861
8.88,6.90057654392304,19.7542285988605,17.0548004530885,-0.385287194189688,-1.46802617527922,-1.23018459990622
8.89,6.896721861176,19.7395530195452,17.0425026438454,-0.385650710100934,-1.46708910909135,-1.22937695861354
8.9,6.89286355720461,19.7248868086172,17.0302129081211,-0.386011433144275,-1.46615249770527,-1.22856989654369
8.91,6.88900165988002,19.7102299615286,17.0179312401276,-0.386369374846283,-1.46521634112454,-1.22776341288211
8.92,6.88513619695836,19.6955824737313,17.0056576340847,-0.386724546689853,-1.46428063935182,-1.22695750681656
8.93,6.88126719608112,19.6809443406772,16.9933920842205,-0.387076960114377,-1.46334539238891,-1.22615217753714
8.94,6.87739468477562,19.6663155578183,16.9811345847713,-0.387426626515907,-1.46241060023669,-1.22534742423623
8.95,6.87351869045544,19.6516961206064,16.9688851299813,-0.387773557247321,-1.46147626289516,-1.22454324610854
8.96,6.86963924042085,19.6370860244934,16.9566437141026,-0.388117763618486,-1.46054238036344,-1.22373964235107
8.97,6.86575636185921,19.6224852649312,16.9444103313958,-0.388459256896426,-1.45960895263983,-1.22293661216308
8.98,6.86187008184546,19.6078938373718,16.9321849761289,-0.38879804830548,-1.45867597972167,-1.22213415474615
8.99,6.85798042734248,19.5933117372672,16.9199676425784,-0.389134149027467,-1.4577434616055,-1.2213322693041
9,6.85408742520155,19.5787389600693,16.9077583250283,-0.389467570201849,-1.45681139828699,-1.22053095504303
9.01,6.85019110216278,19.5641755012302,16.8955570177709,-0.389798322925889,-1.45587978976091,-1.21973021117126
9.02,6.8462914848555,19.5496213562019,16.8833637151062,-0.390126418254816,-1.45494863602127,-1.21893003689941
9.03,6.8423885997987,19.5350765204368,16.8711784113421,-0.39045186720198,-1.45401793706112,-1.21813043144029
9.04,6.83848247340145,19.520540989387,16.8590011007945,-0.390774680739014,-1.45308769287274,-1.21733139400896
9.05,6.83457313196331,19.5060147585048,16.8468317777869,-0.391094869795991,-1.45215790344757,-1.2165329238227
9.06,6.83066060167474,19.4914978232427,16.8346704366508,-0.391412445261584,-1.45122856877617,-1.21573502010102
9.07,6.82674490861753,19.4769901790531,16.8225170717254,-0.391727417983223,-1.45029968884829,-1.21493768206561
9.08,6.82282607876518,19.4624918213888,16.8103716773578,-0.392039798767246,-1.44937126365289,-1.21414090894037
9.09,6.81890413798337,19.4480027457024,16.7982342479026,-0.392349598379065,-1.44844329317804,-1.21334469995138
9.1,6.81497911203028,19.4335229474468,16.7861047777225,-0.392656827543312,-1.44751577741105,-1.21254905432694
9.11,6.81105102655708,19.4190524220751,16.7739832611876,-0.392961496943998,-1.44658871633838,-1.21175397129748
9.12,6.80711990710829,19.4045911650402,16.7618696926758,-0.393263617224669,-1.44566210994565,-1.21095945009562
9.13,6.80318577912221,19.3901391717955,16.7497640665726,-0.393563198988553,-1.44473595821777,-1.21016548995614
9.14,6.79924866793128,19.3756964377945,16.7376663772712,-0.393860252798719,-1.44381026113876,-1.20937209011597
9.15,6.79530859876254,19.3612629584907,16.7255766191724,-0.394154789178227,-1.44288501869187,-1.20857924981418
9.16,6.79136559673797,19.3468387293379,16.7134947866847,-0.394446818610276,-1.44196023085955,-1.20778696829199
9.17,6.78741968687494,19.3324237457901,16.7014208742239,-0.394736351538361,-1.44103589762348,-1.20699524479273
9.18,6.78347089408657,19.3180180033014,16.6893548762137,-0.39502339836642,-1.44011201896451,-1.20620407856187
9.19,6.77951924318213,19.3036214973261,16.6772967870851,-0.395307969458984,-1.43918859486273,-1.20541346884698
9.2,6.77556475886747,19.2892342233187,16.6652466012768,-0.395590075141325,-1.43826562529747,-1.20462341489776
9.21,6.77160746574535,19.274856176734,16.6532043132347,-0.395869725699606,-1.43734311024727,-1.20383391596598
9.22,6.76764738831587,19.260487353027,16.6411699174124,-0.396146931381028,-1.43642104968987,-1.20304497130552
9.23,6.76368455097687,19.2461277476529,16.6291434082709,-0.39642170239398,-1.43549944360228,-1.20225658017234
9.24,6.75971897802428,19.231777356067,16.6171247802788,-0.396694048908181,-1.43457829196071,-1.20146874182449
9.25,6.75575069365253,19.2174361737251,16.6051140279117,-0.396963981054827,-1.43365759474067,-1.20068145552207
9.26,6.75177972195494,19.203104196083,16.593111145653,-0.39723150892674,-1.43273735191683,-1.19989472052725
9.27,6.74780608692407,19.1887814185969,16.5811161279932,-0.397496642578512,-1.43181756346317,-1.19910853610427
9.28,6.74382981245214,19.1744678367233,16.5691289694303,-0.397759392026644,-1.4308982293529,-1.19832290151939
9.29,6.7398509223314,19.1601634459189,16.5571496644695,-0.398019767249697,-1.42997934955846,-1.19753781604094
9.3,6.73586944025449,19.1458682416406,16.5451782076235,-0.398277778188429,-1.42906092405158,-1.19675327893927
9.31,6.73188538981484,19.1315822193458,16.533214593412,-0.398533434745941,-1.42814295280326,-1.19596928948676
9.32,6.72789879450702,19.1173053744919,16.5212588163623,-0.39878674678782,-1.42722543578373,-1.19518584695781
9.33,6.72390967772715,19.1030377025369,16.5093108710087,-0.399037724142277,-1.42630837296252,-1.19440295062882
9.34,6.71991806277325,19.0887791989389,16.4973707518928,-0.399286376600289,-1.42539176430837,-1.19362059977822
9.35,6.7159239728456,19.0745298591565,16.4854384535634,-0.399532713915741,-1.4244756097894,-1.19283879368641
9.36,6.71192743104715,19.0602896786483,16.4735139705765,-0.399776745805564,-1.42355990937292,-1.19205753163581
9.37,6.70792846038384,19.0460586528737,16.4615972974953,-0.400018481949873,-1.42264466302556,-1.19127681291081
9.38,6.70392708376501,19.031836777292,16.4496884288901,-0.400257931992108,-1.42172987071322,-1.19049663679778
9.39,6.69992332400373,19.0176240473631,16.4377873593383,-0.400495105539173,-1.42081553240111,-1.18971700258505
9.4,6.69591720381721,19.0034204585472,16.4258940834245,-0.400730012161568,-1.41990164805372,-1.18893790956293
9.41,6.69190874582711,18.9892260063048,16.4140085957402,-0.400962661393531,-1.41898821763483,-1.18815935702367
9.42,6.68789797255993,18.9750406860967,16.4021308908842,-0.401193062733173,-1.41807524110754,-1.1873813442615
9.43,6.68388490644739,18.9608644933844,16.3902609634622,-0.401421225642612,-1.41716271843424,-1.18660387057255
9.44,6.67986956982675,18.9466974236294,16.378398808087,-0.401647159548113,-1.4162506495766,-1.18582693525493
9.45,6.67585198494119,18.9325394722937,16.3665444193784,-0.401870873840216,-1.41533903449567,-1.18505053760864
9.46,6.67183217394015,18.9183906348399,16.3546977919632,-0.402092377873876,-1.41442787315174,-1.18427467693563
9.47,6.66781015887973,18.9042509067307,16.342858920475,-0.402311680968592,-1.41351716550445,-1.18349935253975
9.48,6.66378596172297,18.8901202834294,16.3310277995546,-0.402528792408544,-1.41260691151276,-1.18272456372678
9.49,6.65975960434027,18.8759987603996,16.3192044238496,-0.402743721442726,-1.41169711113496,-1.18195030980438
9.5,6.65573110850971,18.8618863331055,16.3073887880146,-0.40295647728507,-1.41078776432866,-1.18117659008211
9.51,6.65170049591741,18.8477829970114,16.295580886711,-0.40316706911459,-1.4098788710508,-1.18040340387143
9.52,6.64766778815786,18.8336887475824,16.283780714607,-0.403375506075503,-1.40897043125762,-1.17963075048568
9.53,6.64363300673429,18.8196035802839,16.271988266378,-0.403581797277365,-1.40806244490475,-1.17885862924007
9.54,6.639596173059,18.8055274905816,16.2602035367058,-0.403785951795195,-1.40715491194713,-1.17808703945168
9.55,6.63555730845373,18.7914604739418,16.2484265202794,-0.403987978669613,-1.40624783233906,-1.17731598043945
9.56,6.63151643414995,18.7774025258313,16.2366572117943,-0.404187886906964,-1.40534120603416,-1.17654545152419
9.57,6.62747357128928,18.7633536417173,16.2248956059529,-0.404385685479442,-1.40443503298543,-1.17577545202854
9.58,6.62342874092376,18.7493138170674,16.2131416974645,-0.404581383325229,-1.40352931314519,-1.17500598127701
9.59,6.61938196401622,18.7352830473498,16.2013954810449,-0.40477498934861,-1.40262404646514,-1.17423703859592
9.6,6.61533326144061,18.7212613280332,16.1896569514168,-0.404966512420111,-1.40171923289631,-1.17346862331344
9.61,6.61128265398237,18.7072486545867,16.1779261033096,-0.405155961376618,-1.40081487238914,-1.17270073475955
9.62,6.60723016233871,18.6932450224799,16.1662029314593,-0.405343345021503,-1.39991096489341,-1.17193337226606
9.63,6.60317580711898,18.679250427183,16.1544874306086,-0.405528672124757,-1.39900751035823,-1.17116653516658
9.64,6.59911960884501,18.6652648641667,16.1427795955069,-0.405711951423103,-1.39810450873215,-1.17040022279653
9.65,6.5950615879514,18.651288328902,16.1310794209103,-0.405893191620132,-1.39720195996305,-1.16963443449314
9.66,6.59100176478592,18.6373208168607,16.1193869015814,-0.40607240138642,-1.39629986399817,-1.16886916959542
9.67,6.58694015960975,18.6233623235151,16.1077020322893,-0.406249589359653,-1.39539822078417,-1.16810442744416
9.68,6.58287679259789,18.6094128443378,16.0960248078099,-0.40642476414475,-1.3944970302671,-1.16734020738194
9.69,6.57881168383945,18.5954723748022,16.0843552229257,-0.406597934313986,-1.39359629239234,-1.16657650875313
9.7,6.57474485333797,18.5815409103822,16.0726932724255,-0.406769108407111,-1.39269600710472,-1.16581333090383
9.71,6.57067632101176,18.5676184465522,16.0610389511047,-0.406938294931479,-1.39179617434842,-1.16505067318193
9.72,6.56660610669422,18.553704978787,16.0493922537655,-0.407105502362159,-1.39089679406705,-1.16428853493706
9.73,6.56253423013414,18.5398005025624,16.0377531752161,-0.407270739142064,-1.38999786620359,-1.16352691552062
9.74,6.55846071099607,18.5259050133543,16.0261217102717,-0.407434013682065,-1.38909939070042,-1.16276581428574
9.75,6.5543855688606,18.5120185066395,16.0144978537535,-0.407595334361115,-1.38820136749932,-1.16200523058727
9.76,6.55030882322468,18.4981409778952,16.0028816004895,-0.407754709526365,-1.38730379654151,-1.16124516378183
9.77,6.54623049350195,18.4842724225993,15.9912729453139,-0.407912147493285,-1.38640667776761,-1.16048561322772
9.78,6.54215059902306,18.4704128362303,15.9796718830673,-0.408067656545781,-1.38551001111762,-1.15972657828501
9.79,6.53806915903597,18.4565622142673,15.9680784085969,-0.408221244936311,-1.38461379653096,-1.15896805831543
9.8,6.53398619270628,18.4427205521898,15.9564925167562,-0.408372920886006,-1.38371803394651,-1.15821005268246
9.81,6.52990171911752,18.4288878454783,15.9449142024048,-0.408522692584786,-1.38282272330253,-1.15745256075126
9.82,6.5258157572715,18.4150640896136,15.933343460409,-0.408670568191468,-1.38192786453673,-1.15669558188868
9.83,6.52172832608858,18.4012492800772,15.9217802856412,-0.4088165558339,-1.38103345758622,-1.15593911546328
9.84,6.51763944440799,18.3874434123513,15.9102246729802,-0.408960663609056,-1.38013950238756,-1.15518316084529
9.85,6.51354913098816,18.3736464819187,15.8986766173111,-0.409102899583167,-1.37924599887674,-1.15442771740661
9.86,6.50945740450699,18.3598584842629,15.8871361135252,-0.409243271791826,-1.37835294698915,-1.15367278452084
9.87,6.5053642835622,18.346079414868,15.87560315652,-0.409381788240104,-1.37746034665967,-1.15291836156322
9.88,6.50126978667159,18.3323092692187,15.8640777411995,-0.409518456902666,-1.3765681978226,-1.15216444791065
9.89,6.49717393227338,18.3185480428004,15.8525598624736,-0.409653285723885,-1.37567650041167,-1.15141104294169
9.9,6.49307673872649,18.3047957310991,15.8410495152587,-0.409786282617949,-1.37478525436008,-1.15065814603657
9.91,6.48897822431085,18.2910523296017,15.8295466944771,-0.40991745546898,-1.37389445960042,-1.14990575657714
9.92,6.48487840722769,18.2773178337956,15.8180513950575,-0.410046812131139,-1.37300411606481,-1.14915387394688
9.93,6.48077730559987,18.2635922391688,15.8065636119347,-0.410174360428747,-1.37211422368478,-1.14840249753092
9.94,6.47667493747212,18.2498755412102,15.7950833400496,-0.410300108156385,-1.37122478239132,-1.14765162671602
9.95,6.47257132081141,18.2361677354093,15.7836105743492,-0.410424063079013,-1.37033579211486,-1.14690126089053
9.96,6.46846647350718,18.2224688172561,15.7721453097867,-0.410546232932077,-1.36944725278535,-1.14615139944445
9.97,6.46436041337167,18.2087787822416,15.7606875413214,-0.410666625421615,-1.36855916433214,-1.14540204176937
9.98,6.46025315814021,18.1950976258575,15.7492372639185,-0.410785248224376,-1.36767152668407,-1.14465318725849
9.99,6.45614472547151,18.181425343596,15.7377944725494,-0.410902108987918,-1.36678433976947,-1.14390483530661
10,6.45203513294795,18.16776193095,15.7263591621916,-0.411017215330724,-1.36589760351612,-1.14315698531011
10.01,6.44792439807585,18.1541073834135,15.7149313278285,-0.411130574842306,-1.36501131785126,-1.14240963666696
10.02,6.4438125382858,18.1404616964809,15.7035109644495,-0.411242195083316,-1.36412548270165,-1.14166278877674
10.03,6.43969957093292,18.1268248656474,15.6920980670502,-0.411352083585649,-1.36324009799349,-1.14091644104056
10.04,6.43558551329716,18.1131968864089,15.680692630632,-0.411460247852553,-1.36235516365246,-1.14017059286114
10.05,6.43147038258357,18.0995777542621,15.6692946502022,-0.411566695358734,-1.36147067960378,-1.13942524364274
10.06,6.4273541959226,18.0859674647046,15.6579041207743,-0.411671433550464,-1.36058664577207,-1.13868039279119
10.07,6.42323697037039,18.0723660132345,15.6465210373675,-0.411774469845682,-1.35970306208151,-1.13793603971388
10.08,6.41911872290901,18.0587733953508,15.6351453950071,-0.411875811634105,-1.35881992845576,-1.13719218381973
10.09,6.41499947044681,18.0451896065532,15.6237771887241,-0.411975466277328,-1.35793724481792,-1.13644882451924
10.1,6.41087922981863,18.0316146423423,15.6124164135556,-0.412073441108931,-1.35705501109067,-1.1357059612244
10.11,6.40675801778615,18.0180484982193,15.6010630645443,-0.412169743434581,-1.35617322719613,-1.13496359334877
10.12,6.40263585103809,18.0044911696863,15.5897171367392,-0.412264380532138,-1.35529189305595,-1.13422172030743
10.13,6.39851274619058,17.9909426522461,15.5783786251946,-0.412357359651754,-1.35441100859127,-1.13348034151697
10.14,6.39438871978733,17.9774029414024,15.5670475249711,-0.412448688015982,-1.35353057372273,-1.1327394563955
10.15,6.39026378830001,17.9638720326597,15.5557238311348,-0.412538372819872,-1.35265058837049,-1.13199906436266
10.16,6.38613796812845,17.9503499215231,15.5444075387577,-0.412626421231079,-1.35177105245422,-1.13125916483959
10.17,6.38201127560094,17.9368366034988,15.5330986429177,-0.412712840389958,-1.35089196589311,-1.1305197572489
10.18,6.37788372697451,17.9233320740935,15.5217971386982,-0.412797637409669,-1.35001332860586,-1.12978084101475
10.19,6.37375533843521,17.909836328815,15.5105030211886,-0.41288081937628,-1.34913514051067,-1.12904241556275
10.2,6.36962612609832,17.8963493631717,15.4992162854839,-0.41296239334886,-1.34825740152531,-1.12830448032001
10.21,6.3654961060087,17.8828711726729,15.4879369266849,-0.413042366359589,-1.34738011156699,-1.12756703471513
10.22,6.36136529414101,17.8694017528289,15.476664939898,-0.413120745413848,-1.34650327055255,-1.12683007817817
10.23,6.3572337064,17.8559410991506,15.4654003202354,-0.413197537490324,-1.34562687839828,-1.12609361014067
10.24,6.35310135862074,17.8424892071497,15.4541430628149,-0.413272749541108,-1.34475093502003,-1.12535763003564
10.25,6.34896826656894,17.8290460723391,15.4428931627601,-0.413346388491794,-1.34387544033316,-1.12462213729753
10.26,6.34483444594117,17.8156116902321,15.4316506152,-0.413418461241572,-1.34300039425259,-1.12388713136227
10.27,6.34069991236514,17.8021860563432,15.4204154152695,-0.413488974663333,-1.34212579669277,-1.12315261166724
10.28,6.33656468139997,17.7887691661875,15.409187558109,-0.413557935603763,-1.34125164756768,-1.12241857765124
10.29,6.33242876853644,17.7753610152812,15.3979670388645,-0.413625350883438,-1.34037794679085,-1.12168502875454
10.3,6.32829218919724,17.7619615991412,15.3867538526875,-0.413691227296927,-1.33950469427534,-1.12095196441884
10.31,6.32415495873727,17.7485709132854,15.3755479947352,-0.413755571612878,-1.33863188993378,-1.12021938408724
10.32,6.32001709244385,17.7351889532324,15.3643494601704,-0.413818390574124,-1.33775953367833,-1.11948728720432
10.33,6.31587860553701,17.7218157145018,15.3531582441613,-0.413879690897773,-1.3368876254207,-1.11875567321603
10.34,6.31173951316974,17.7084511926141,15.3419743418819,-0.413939479275306,-1.33601616507216,-1.11802454156977
10.35,6.30759983042823,17.6950953830907,15.3307977485112,-0.413997762372668,-1.33514515254352,-1.11729389171434
10.36,6.30345957233215,17.6817482814538,15.3196284592344,-0.414054546830367,-1.33427458774518,-1.11656372309994
10.37,6.29931875383488,17.6684098832265,15.3084664692416,-0.414109839263564,-1.33340447058704,-1.11583403517818
10.38,6.29517738982379,17.6550801839329,15.2973117737286,-0.414163646262169,-1.33253480097864,-1.11510482740207
10.39,6.29103549512047,17.641759179098,15.2861643678968,-0.414215974390935,-1.33166557882901,-1.11437609922601
10.4,6.28689308448097,17.6284468642476,15.2750242469528,-0.41426683018955,-1.33079680404677,-1.11364785010577
10.41,6.2827501725961,17.6151432349086,15.2638914061088,-0.414316220172726,-1.32992847654014,-1.11292007949854
10.42,6.27860677409162,17.6018482866085,15.2527658405824,-0.414364150830301,-1.32906059621686,-1.11219278686284
10.43,6.27446290352852,17.5885620148762,15.2416475455965,-0.414410628627318,-1.32819316298427,-1.1114659716586
10.44,6.27031857540328,17.575284415241,15.2305365163796,-0.414455660004129,-1.32732617674928,-1.11073963334711
10.45,6.26617380414809,17.5620154832335,15.2194327481653,-0.414499251376478,-1.32645963741837,-1.11001377139102
10.46,6.26202860413108,17.5487552143852,15.2083362361929,-0.414541409135596,-1.3255935448976,-1.10928838525434
10.47,6.25788298965664,17.5355036042284,15.1972469757067,-0.414582139648288,-1.32472789909261,-1.10856347440243
10.48,6.25373697496556,17.5222606482965,15.1861649619567,-0.414621449257028,-1.32386269990862,-1.10783903830201
10.49,6.24959057423537,17.5090263421236,15.1750901901978,-0.414659344280044,-1.32299794725045,-1.10711507642114
10.5,6.24544380158051,17.495800681245,15.1640226556907,-0.414695831011411,-1.32213364102248,-1.10639158822921
10.51,6.24129667105261,17.482583661197,15.152962353701,-0.414730915721139,-1.32126978112869,-1.10566857319696
10.52,6.23714919664072,17.4693752775166,15.1419092794999,-0.41476460465526,-1.32040636747265,-1.10494603079647
10.53,6.23300139227154,17.4561755257419,15.1308634283635,-0.414796904035924,-1.31954339995752,-1.10422396050112
10.54,6.22885327180969,17.4429844014121,15.1198247955735,-0.414827820061474,-1.31868087848608,-1.10350236178564
10.55,6.2247048490579,17.4298019000672,15.1087933764166,-0.414857358906546,-1.31781880296068,-1.10278123412605
10.56,6.22055613775728,17.4166280172481,15.097769166185,-0.414885526722152,-1.31695717328324,-1.10206057699971
10.57,6.21640715158756,17.403462748497,15.0867521601759,-0.414912329635766,-1.31609598935535,-1.10134038988528
10.58,6.21225790416728,17.3903060893569,15.0757423536919,-0.414937773751412,-1.31523525107813,-1.10062067226271
10.59,6.2081084090541,17.3771580353716,15.0647397420404,-0.414961865149752,-1.31437495835235,-1.09990142361327
10.6,6.20395867974494,17.3640185820863,15.0537443205345,-0.414984609888169,-1.31351511107838,-1.09918264341952
10.61,6.19980872967632,17.3508877250468,15.0427560844921,-0.415006014000857,-1.31265570915619,-1.0984643311653
10.62,6.19565857222447,17.3377654598002,15.0317750292364,-0.415026083498901,-1.31179675248536,-1.09774648633575
10.63,6.19150822070568,17.3246517818945,15.0208011500958,-0.415044824370369,-1.31093824096507,-1.09702910841729
10.64,6.18735768837644,17.3115466868787,15.0098344424036,-0.415062242580391,-1.31008017449415,-1.09631219689762
10.65,6.18320698843372,17.2984501703027,14.9988749014985,-0.415078344071249,-1.30922255297101,-1.0955957512657
10.66,6.17905613401516,17.2853622277177,14.9879225227241,-0.415093134762454,-1.30836537629369,-1.09487977101177
10.67,6.17490513819934,17.2722828546756,14.9769773014291,-0.41510662055084,-1.30750864435985,-1.09416425562735
10.68,6.17075401400597,17.2592120467296,14.9660392329675,-0.415118807310636,-1.30665235706677,-1.09344920460518
10.69,6.16660277439614,17.2461497994337,14.955108312698,-0.41512970089356,-1.30579651431137,-1.0927346174393
10.7,6.16245143227254,17.2330961083432,14.9441845359847,-0.415139307128896,-1.30494111599016,-1.09202049362498
10.71,6.15830000047965,17.2200509690141,14.9332678981966,-0.415147631823578,-1.3040861619993,-1.09130683265874
10.72,6.15414849180402,17.2070143770038,14.9223583947077,-0.415154680762271,-1.30323165223456,-1.09059363403834
10.73,6.14999691897446,17.1939863278704,14.911456020897,-0.415160459707457,-1.3023775865914,-1.08988089726279
10.74,6.14584529466225,17.1809668171733,14.9005607721486,-0.415164974399515,-1.30152396496483,-1.08916862183233
10.75,6.1416936314814,17.1679558404728,14.8896726438515,-0.415168230556797,-1.30067078724955,-1.08845680724843
10.76,6.13754194198882,17.1549533933304,14.8787916313998,-0.415170233875722,-1.29981805333986,-1.08774545301379
10.77,6.13339023868459,17.1419594713085,14.8679177301924,-0.415170990030842,-1.29896576312974,-1.08703455863232
10.78,6.12923853401213,17.1289740699707,14.8570509356332,-0.415170504674933,-1.29811391651277,-1.08632412360917
10.79,6.12508684035845,17.1159971848816,14.8461912431312,-0.415168783439073,-1.29726251338218,-1.0856141474507
10.8,6.12093517005437,17.1030288116068,14.8353386481001,-0.415165831932717,-1.29641155363088,-1.08490462966445
10.81,6.11678353537471,17.0900689457131,14.8244931459588,-0.415161655743783,-1.29556103715137,-1.08419556975921
10.82,6.11263194853851,17.0771175827684,14.8136547321308,-0.415156260438729,-1.29471096383584,-1.08348696724494
10.83,6.10848042170926,17.0641747183414,14.8028234020446,-0.41514965156263,-1.29386133357611,-1.08277882163282
10.84,6.10432896699511,17.0512403480023,14.7919991511337,-0.415141834639264,-1.29301214626365,-1.08207113243521
10.85,6.10017759644909,17.038314467322,14.7811819748363,-0.415132815171178,-1.29216340178957,-1.08136389916566
10.86,6.09602632206927,17.0253970718728,14.7703718685957,-0.415122598639779,-1.29131510004466,-1.08065712133891
10.87,6.09187515579905,17.0124881572279,14.7595688278597,-0.415111190505405,-1.29046724091936,-1.07995079847089
10.88,6.08772410952732,16.9995877189616,14.7487728480812,-0.415098596207401,-1.28961982430376,-1.0792449300787
10.89,6.08357319508868,16.9866957526495,14.7379839247179,-0.415084821164207,-1.2887728500876,-1.0785395156806
10.9,6.07942242426364,16.973812253868,14.7272020532323,-0.415069870773418,-1.2879263181603,-1.07783455479604
10.91,6.07527180877884,16.9609372181949,14.7164272290914,-0.415053750411876,-1.28708022841093,-1.07713004694564
10.92,6.07112136030727,16.9480706412089,14.7056594477676,-0.415036465435739,-1.28623458072823,-1.07642599165115
10.93,6.06697109046846,16.9352125184899,14.6948987047374,-0.415018021180559,-1.28538937500062,-1.07572238843552
10.94,6.06282101082866,16.9223628456189,14.6841449954826,-0.414998422961359,-1.28454461111614,-1.07501923682282
10.95,6.0586711329011,16.9095216181781,14.6733983154895,-0.414977676072706,-1.28370028896255,-1.0743165363383
10.96,6.05452146814616,16.8966888317506,14.6626586602492,-0.414955785788787,-1.28285640842726,-1.07361428650832
10.97,6.05037202797157,16.883864481921,14.6519260252574,-0.414932757363486,-1.28201296939736,-1.07291248686041
10.98,6.04622282373263,16.8710485642747,14.6412004060147,-0.414908596030457,-1.28116997175961,-1.07221113692324
10.99,6.04207386673241,16.8582410743983,14.6304817980263,-0.4148833070032,-1.28032741540043,-1.0715102362266
11,6.03792516822192,16.8454420078797,14.6197701968023,-0.414856895475134,-1.27948530020594,-1.07080978430142
11.01,6.03377673940036,16.8326513603077,14.6090655978572,-0.414829366619669,-1.27864362606193,-1.07010978067975
11.02,6.0296285914153,16.8198691272725,14.5983679967102,-0.414800725590286,-1.27780239285388,-1.06941022489477
11.03,6.02548073536284,16.8070953043652,14.5876773888854,-0.414770977520603,-1.27696160046695,-1.06871111648078
11.04,6.02133318228789,16.7943298871783,14.5769937699114,-0.414740127524451,-1.27612124878597,-1.06801245497319
11.05,6.01718594318428,16.7815728713051,14.5663171353215,-0.414708180695951,-1.27528133769547,-1.06731423990853
11.06,6.01303902899502,16.7688242523405,14.5556474806534,-0.414675142109581,-1.27444186707965,-1.06661647082443
11.07,6.00889245061246,16.7560840258802,14.5449848014497,-0.41464101682025,-1.27360283682243,-1.06591914725963
11.08,6.0047462188785,16.7433521875213,14.5343290932575,-0.414605809863368,-1.27276424680739,-1.06522226875397
11.09,6.00060034458479,16.7306287328619,14.5236803516286,-0.414569526254925,-1.27192609691781,-1.06452583484839
11.1,5.99645483847291,16.7179136575013,14.5130385721191,-0.414532170991554,-1.27108838703668,-1.06382984508491
11.11,5.99230971123458,16.7052069570401,14.50240375029,-0.414493749050606,-1.27025111704668,-1.06313429900665
11.12,5.98816497351183,16.6925086270798,14.4917758817066,-0.414454265390223,-1.26941428683017,-1.06243919615783
11.13,5.98402063589721,16.6798186632235,14.481154961939,-0.414413724949406,-1.2685778962692,-1.06174453608373
11.14,5.97987670893397,16.6671370610751,14.4705409865617,-0.414372132648084,-1.26774194524557,-1.06105031833071
11.15,5.97573320311627,16.6544638162398,14.4599339511537,-0.41432949338719,-1.26690643364072,-1.06035654244623
11.16,5.97159012888933,16.641798924324,14.4493338512986,-0.414285812048722,-1.26607136133585,-1.05966320797878
11.17,5.96744749664967,16.6291423809354,14.4387406825845,-0.414241093495823,-1.26523672821182,-1.05897031447797
11.18,5.96330531674525,16.6164941816827,14.4281544406039,-0.414195342572842,-1.26440253414922,-1.05827786149442
11.19,5.95916359947571,16.603854322176,14.417575120954,-0.414148564105409,-1.26356877902835,-1.05758584857986
11.2,5.9550223550925,16.5912227980263,14.4070027192362,-0.414100762900501,-1.26273546272918,-1.05689427528703
11.21,5.95088159379909,16.5785996048461,14.3964372310565,-0.414051943746509,-1.26190258513146,-1.05620314116977
11.22,5.94674132575118,16.565984738249,14.3858786520255,-0.41400211141331,-1.26107014611459,-1.05551244578295
11.23,5.94260156105685,16.5533781938498,14.3753269777581,-0.413951270652335,-1.26023814555771,-1.05482218868246
11.24,5.93846230977677,16.5407799672645,14.3647822038735,-0.413899426196633,-1.25940658333967,-1.05413236942529
11.25,5.93432358192434,16.5281900541102,14.3542443259956,-0.413846582760944,-1.25857545933904,-1.05344298756941
11.26,5.93018538746595,16.5156084500055,14.3437133397526,-0.413792745041763,-1.2577447734341,-1.05275404267387
11.27,5.92604773632107,16.50303515057,14.333189240777,-0.413737917717407,-1.25691452550286,-1.05206553429874
11.28,5.9219106383625,16.4904701514245,14.3226720247059,-0.413682105448081,-1.25608471542306,-1.05137746200511
11.29,5.91777410341653,16.4779134481912,14.3121616871806,-0.413625312875952,-1.25525534307213,-1.0506898253551
11.3,5.91363814126312,16.4653650364935,14.3016582238469,-0.413567544625205,-1.25442640832727,-1.05000262391186
11.31,5.90950276163607,16.4528249119557,14.2911616303548,-0.413508805302116,-1.25359791106535,-1.04931585723955
11.32,5.9053679742232,16.4402930702038,14.2806719023588,-0.413449099495116,-1.252769851163,-1.04862952490335
11.33,5.90123378866654,16.4277695068648,14.2701890355178,-0.413388431774856,-1.25194222849659,-1.04794362646945
11.34,5.89710021456252,16.4152542175669,14.2597130254949,-0.413326806694275,-1.25111504294218,-1.04725816150505
11.35,5.89296726146209,16.4027471979396,14.2492438679575,-0.413264228788663,-1.25028829437559,-1.04657312957836
11.36,5.88883493887097,16.3902484436137,14.2387815585775,-0.413200702575722,-1.24946198267239,-1.04588853025858
11.37,5.88470325624978,16.3777579502211,14.2283260930308,-0.413136232555642,-1.24863610770784,-1.04520436311592
11.38,5.88057222301422,16.3652757133952,14.2178774669978,-0.413070823211154,-1.24781066935696,-1.04452062772159
11.39,5.87644184853526,16.3528017287703,14.2074356761633,-0.4130044790076,-1.2469856674945,-1.04383732364777
11.4,5.87231214213928,16.3403359919823,14.1970007162161,-0.412937204392997,-1.24616110199495,-1.04315445046766
11.41,5.86818311310828,16.3278784986681,14.1865725828495,-0.412869003798099,-1.24533697273256,-1.0424720077554
11.42,5.86405477068006,16.315429244466,14.1761512717608,-0.412799881636461,-1.24451327958127,-1.04178999508617
11.43,5.85992712404834,16.3029882250156,14.1657367786518,-0.412729842304503,-1.2436900224148,-1.04110841203608
11.44,5.85580018236297,16.2905554359575,14.1553290992284,-0.412658890181573,-1.24286720110663,-1.04042725818224
11.45,5.85167395473009,16.2781308729339,14.1449282292007,-0.412587029630008,-1.24204481552995,-1.03974653310272
11.46,5.8475484502123,16.2657145315881,14.134534164283,-0.412514264995202,-1.24122286555769,-1.03906623637658
11.47,5.84342367782884,16.2533064075647,14.1241469001941,-0.412440600605657,-1.24040135106258,-1.03838636758383
11.48,5.83929964655574,16.2409064965095,14.1137664326565,-0.412366040773061,-1.23958027191704,-1.03770692630543
11.49,5.83517636532601,16.2285147940697,14.1033927573973,-0.412290589792339,-1.23875962799328,-1.03702791212333
11.5,5.83105384302976,16.2161312958937,14.0930258701475,-0.412214251941716,-1.23793941916323,-1.03634932462041
11.51,5.82693208851445,16.2037559976313,14.0826657666425,-0.41213703148278,-1.2371196452986,-1.03567116338052
11.52,5.82281111058496,16.1913888949333,14.0723124426217,-0.412058932660546,-1.23630030627085,-1.03499342798845
11.53,5.81869091800384,16.1790299834521,14.0619658938287,-0.411979959703511,-1.23548140195119,-1.03431611802994
11.54,5.81457151949141,16.1666792588413,14.0516261160112,-0.411900116823719,-1.23466293221059,-1.03363923309168
11.55,5.81045292372597,16.1543367167557,14.0412931049211,-0.411819408216822,-1.23384489691975,-1.03296277276129
11.56,5.80633513934392,16.1420023528514,14.0309668563144,-0.411737838062137,-1.23302729594919,-1.03228673662733
11.57,5.80221817493998,16.1296761627859,14.020647365951,-0.411655410522711,-1.23221012916915,-1.0316111242793
11.58,5.79810203906731,16.117358142218,14.0103346295953,-0.411572129745375,-1.23139339644963,-1.03093593530762
11.59,5.79398674023766,16.1050482868077,14.0000286430156,-0.411487999860809,-1.2305770976604,-1.03026116930365
11.6,5.78987228692158,16.0927465922163,13.989729401984,-0.411403024983599,-1.229761232671,-1.02958682585967
11.61,5.78575868754855,16.0804530541066,13.9794369022772,-0.411317209212296,-1.22894580135074,-1.02891290456889
11.62,5.78164595050714,16.0681676681424,13.9691511396756,-0.411230556629477,-1.22813080356867,-1.02823940502542
11.63,5.77753408414516,16.055890429989,13.9588721099636,-0.4111430713018,-1.22731623919366,-1.0275663268243
11.64,5.77342309676985,16.0436213353131,13.9485998089301,-0.411054757280068,-1.2265021080943,-1.02689366956148
11.65,5.76931299664803,16.0313603797826,13.9383342323675,-0.410965618599283,-1.22568841013899,-1.02622143283383
11.66,5.76520379200622,16.0191075590666,13.9280753760725,-0.410875659278707,-1.22487514519586,-1.0255496162391
11.67,5.76109549103084,16.0068628688356,13.9178232358458,-0.410784883321918,-1.22406231313284,-1.02487821937596
11.68,5.75698810186837,15.9946263047617,13.907577807492,-0.410693294716868,-1.22324991381765,-1.024207241844
11.69,5.75288163262545,15.9823978625179,13.89733908682,-0.410600897435944,-1.22243794711774,-1.02353668324367
11.7,5.74877609136911,15.9701775377787,13.8871070696423,-0.410507695436019,-1.22162641290039,-1.02286654317634
11.71,5.74467148612687,15.95796532622,13.8768817517755,-0.410413692658514,-1.22081531103262,-1.02219682124426
11.72,5.7405678248869,15.945761223519,13.8666631290404,-0.410318893029455,-1.22000464138126,-1.02152751705058
11.73,5.73646511559823,15.9335652253542,13.8564511972616,-0.410223300459527,-1.21919440381289,-1.02085863019934
11.74,5.73236336617081,15.9213773274054,13.8462459522674,-0.410126918844132,-1.21838459819389,-1.02019016029543
11.75,5.72826258447573,15.9091975253538,13.8360473898906,-0.410029752063447,-1.21757522439042,-1.01952210694466
11.76,5.72416277834538,15.8970258148818,13.8258555059674,-0.409931803982474,-1.21676628226843,-1.0188544697537
11.77,5.72006395557353,15.8848621916735,13.8156702963383,-0.409833078451106,-1.21595777169365,-1.01818724833009
11.78,5.71596612391556,15.8727066514139,13.8054917568476,-0.409733579304174,-1.2151496925316,-1.01752044228225
11.79,5.71186929108856,15.8605591897896,13.7953198833433,-0.409633310361505,-1.21434204464758,-1.01685405121946
11.8,5.70777346477151,15.8484198024885,13.7851546716777,-0.409532275427978,-1.21353482790669,-1.01618807475187
11.81,5.7036786526054,15.8362884851999,13.7749961177067,-0.409430478293581,-1.21272804217383,-1.0155225124905
11.82,5.6995848621934,15.8241652336143,13.7648442172902,-0.409327922733463,-1.21192168731367,-1.01485736404722
11.83,5.695492101101,15.8120500434238,13.754698966292,-0.409224612507987,-1.21111576319067,-1.01419262903477
11.84,5.69140037685618,15.7999429103215,13.7445603605796,-0.409120551362792,-1.21031026966911,-1.01352830706671
11.85,5.68730969694951,15.7878438300022,13.7344283960246,-0.409015743028835,-1.20950520661305,-1.01286439775751
11.86,5.68322006883433,15.7757527981619,13.7243030685023,-0.408910191222462,-1.20870057388636,-1.01220090072243
11.87,5.6791314999269,15.763669810498,13.7141843738918,-0.408803899645444,-1.20789637135267,-1.0115378155776
11.88,5.67504399760653,15.7515948627093,13.7040723080762,-0.408696871985044,-1.20709259887545,-1.01087514194002
11.89,5.67095756921572,15.7395279504958,13.6939668669423,-0.408589111914065,-1.20628925631795,-1.01021287942748
11.9,5.66687222206032,15.7274690695591,13.6838680463808,-0.408480623090902,-1.20548634354324,-1.00955102765864
11.91,5.66278796340967,15.715418215602,13.6737758422861,-0.408371409159599,-1.20468386041416,-1.00888958625299
11.92,5.65870480049675,15.7033753843288,13.6636902505565,-0.4082614737499,-1.20388180679339,-1.00822855483085
11.93,5.65462274051829,15.691340571445,13.653611267094,-0.408150820477299,-1.20308018254338,-1.00756793301337
11.94,5.65054179063495,15.6793137726576,13.6435388878045,-0.4080394529431,-1.20227898752642,-1.00690772042252
11.95,5.64646195797146,15.667294983675,13.6334731085977,-0.407927374734463,-1.20147822160456,-1.00624791668111
11.96,5.64238324961672,15.655284200207,13.6234139253868,-0.407814589424456,-1.20067788463971,-1.00558852141274
11.97,5.63830567262399,15.6432814179646,13.6133613340891,-0.40770110057211,-1.19987797649356,-1.00492953424187
11.98,5.63422923401101,15.6312866326604,13.6033153306253,-0.407586911722471,-1.19907849702762,-1.00427095479375
11.99,5.63015394076013,15.6192998400083,13.5932759109203,-0.40747202640665,-1.1982794461032,-1.00361278269445
12,5.62607979981846,15.6073210357235,13.5832430709023,-0.407356448141873,-1.19748082358143,-1.00295501757084
12.01,5.62200681809801,15.5953502155227,13.5732168065035,-0.407240180431537,-1.19668262932326,-1.00229765905061
12.02,5.61793500247582,15.5833873751239,13.5631971136597,-0.407123226765255,-1.19588486318943,-1.00164070676226
12.03,5.61386435979411,15.5714325102467,13.5531839883103,-0.407005590618912,-1.19508752504054,-1.00098416033508
12.04,5.6097948968604,15.5594856166119,13.5431774263987,-0.406887275454713,-1.19429061473695,-1.00032801939917
12.05,5.60572662044767,15.5475466899417,13.5331774238718,-0.406768284721234,-1.1934941321389,-0.999672283585412
12.06,5.60165953729446,15.5356157259597,13.5231839766801,-0.406648621853472,-1.19269807710639,-0.999016952525501
12.07,5.59759365410505,15.5236927203911,13.5131970807781,-0.406528290272898,-1.19190244949927,-0.998362025851915
12.08,5.59352897754956,15.5117776689623,13.5032167321236,-0.406407293387501,-1.19110724917722,-0.997707503197921
12.09,5.5894655142641,15.499870567401,13.4932429266783,-0.406285634591844,-1.19031247599972,-0.997053384197575
12.1,5.5854032708509,15.4879714114367,13.4832756604074,-0.40616331726711,-1.18951812982608,-0.996399668485719
12.11,5.58134225387845,15.4760801967998,13.47331492928,-0.406040344781152,-1.18872421051545,-0.995746355697974
12.12,5.57728246988162,15.4641969192226,13.4633607292686,-0.405916720488543,-1.18793071792676,-0.995093445470743
12.13,5.5732239253618,15.4523215744385,13.4534130563493,-0.405792447730626,-1.18713765191884,-0.994440937441203
12.14,5.56916662678705,15.4404541581824,13.4434719065021,-0.405667529835558,-1.18634501235027,-0.993788831247307
12.15,5.56511058059219,15.4285946661907,13.4335372757104,-0.405541970118365,-1.1855527990795,-0.99313712652778
12.16,5.56105579317896,15.416743094201,13.4236091599612,-0.405415771880988,-1.18476101196482,-0.992485822922114
12.17,5.55700227091617,15.4048994379524,13.4136875552452,-0.405288938412329,-1.18396965086431,-0.991834920070572
12.18,5.55295002013977,15.3930636931857,13.4037724575566,-0.405161472988304,-1.18317871563592,-0.991184417614176
12.19,5.54889904715304,15.3812358556428,13.3938638628933,-0.405033378871884,-1.18238820613742,-0.990534315194711
12.2,5.54484935822668,15.369415921067,13.3839617672566,-0.404904659313153,-1.18159812222639,-0.989884612454727
12.21,5.54080095959896,15.3576038852032,13.3740661666517,-0.404775317549344,-1.18080846376029,-0.989235309037523
12.22,5.53675385747585,15.3457997437977,13.364177057087,-0.404645356804897,-1.18001923059637,-0.988586404587157
12.23,5.53270805803113,15.3340034925982,13.3542944345746,-0.404514780291497,-1.17923042259174,-0.987937898748436
12.24,5.52866356740652,15.3222151273538,13.3444182951302,-0.404383591208131,-1.17844203960335,-0.987289791166919
12.25,5.52462039171183,15.3104346438151,13.334548634773,-0.404251792741123,-1.17765408148798,-0.98664208148891
12.26,5.52057853702505,15.298662037734,13.3246854495258,-0.404119388064195,-1.17686654810224,-0.98599476936146
12.27,5.51653800939251,15.2868973048639,13.3148287354146,-0.4039863803385,-1.17607943930261,-0.98534785443236
12.28,5.512498814829,15.2751404409598,13.3049784884694,-0.403852772712678,-1.17529275494538,-0.984701336350141
12.29,5.50846095931785,15.263391441778,13.2951347047235,-0.403718568322897,-1.17450649488671,-0.984055214764071
12.3,5.50442444881112,15.251650303076,13.2852973802135,-0.403583770292901,-1.17372065898257,-0.983409489324155
12.31,5.5003892892297,15.2399170206133,13.2754665109799,-0.403448381734058,-1.17293524708881,-0.982764159681129
12.32,5.4963554864634,15.2281915901502,13.2656420930663,-0.403312405745402,-1.17215025906111,-0.982119225486459
12.33,5.49232304637113,15.216474007449,13.25582412252,-0.403175845413681,-1.17136569475498,-0.981474686392339
12.34,5.48829197478096,15.2047642682731,13.2460125953917,-0.403038703813401,-1.17058155402579,-0.98083054205169
12.35,5.48426227749032,15.1930623683875,13.2362075077357,-0.402900984006873,-1.16979783672878,-0.980186792118154
12.36,5.48023396026603,15.1813683035586,13.2264088556096,-0.402762689044255,-1.16901454271902,-0.979543436246095
12.37,5.47620702884451,15.1696820695542,13.2166166350745,-0.402623821963605,-1.1682316718514,-0.978900474090596
12.38,5.47218148893183,15.1580036621437,13.2068308421949,-0.402484385790914,-1.16744922398071,-0.978257905307453
12.39,5.46815734620387,15.1463330770978,13.1970514730389,-0.402344383540158,-1.16666719896158,-0.97761572955318
12.4,5.46413460630644,15.1346703101886,13.1872785236779,-0.402203818213344,-1.16588559664848,-0.976973946485001
12.41,5.46011327485538,15.12301535719,13.1775119901867,-0.40206269280055,-1.16510441689574,-0.976332555760847
12.42,5.45609335743669,15.111368213877,13.1677518686435,-0.401921010279968,-1.16432365955754,-0.975691557039359
12.43,5.45207485960664,15.0997288760262,13.1579981551302,-0.401778773617955,-1.16354332448792,-0.975050949979881
12.44,5.44805778689191,15.0880973394156,13.1482508457316,-0.40163598576907,-1.16276341154078,-0.97441073424246
12.45,5.44404214478967,15.0764735998248,13.1385099365364,-0.401492649676121,-1.16198392056988,-0.973770909487844
12.46,5.44002793876776,15.0648576530347,13.1287754236363,-0.401348768270207,-1.16120485142882,-0.973131475377476
12.47,5.43601517426472,15.0532494948278,13.1190473031267,-0.401204344470764,-1.16042620397107,-0.972492431573498
12.48,5.43200385668999,15.0416491209879,13.1093255711061,-0.401059381185604,-1.15964797804998,-0.971853777738743
12.49,5.42799399142396,15.0300565273005,13.0996102236765,-0.400913881310961,-1.15887017351874,-0.971215513536736
12.5,5.42398558381815,15.0184717095523,13.0899012569433,-0.400767847731535,-1.15809279023038,-0.970577638631691
12.51,5.41997863919526,15.0068946635317,13.0801986670152,-0.400621283320533,-1.15731582803785,-0.969940152688509
12.52,5.41597316284934,14.9953253850284,13.0705024500042,-0.400474190939709,-1.15653928679392,-0.969303055372774
12.53,5.41196916004585,14.9837638698338,13.0608126020258,-0.400326573439411,-1.15576316635124,-0.968666346350754
12.54,5.40796663602182,14.9722101137405,13.0511291191986,-0.400178433658622,-1.15498746656231,-0.968030025289397
12.55,5.40396559598595,14.9606641125427,13.0414519976447,-0.400029774425001,-1.15421218727954,-0.967394091856328
12.56,5.39996604511872,14.9491258620361,13.0317812334894,-0.399880598554924,-1.15343732835515,-0.966758545719847
12.57,5.39596798857249,14.9375953580179,13.0221168228616,-0.399730908853531,-1.15266288964126,-0.966123386548929
12.58,5.39197143147164,14.9260725962867,13.0124587618931,-0.39958070811476,-1.15188887098987,-0.965488614013221
12.59,5.38797637891266,14.9145575726426,13.0028070467192,-0.399429999121395,-1.15111527225282,-0.964854227783038
12.6,5.38398283596425,14.9030502828872,12.9931616734787,-0.399278784645106,-1.15034209328184,-0.964220227529362
12.61,5.37999080766748,14.8915507228237,12.9835226383132,-0.399127067446487,-1.14956933392853,-0.963586612923841
12.62,5.37600029903586,14.8800588882565,12.973889937368,-0.398974850275099,-1.14879699404436,-0.962953383638785
12.63,5.37201131505543,14.8685747749917,12.9642635667915,-0.398822135869515,-1.14802507348067,-0.962320539347164
12.64,5.36802386068494,14.8570983788369,12.9546435227354,-0.398668926957352,-1.14725357208869,-0.961688079722609
12.65,5.36403794085589,14.8456296956011,12.9450298013546,-0.398515226255321,-1.1464824897195,-0.961056004439406
12.66,5.36005356047269,14.8341687210948,12.9354223988074,-0.398361036469261,-1.14571182622408,-0.960424313172494
12.67,5.35607072441272,14.82271545113,12.9258213112553,-0.398206360294183,-1.14494158145328,-0.959793005597467
12.68,5.35208943752649,14.8112698815203,12.9162265348628,-0.398051200414306,-1.14417175525781,-0.959162081390567
12.69,5.3481097046377,14.7998320080805,12.9066380657981,-0.397895559503105,-1.14340234748829,-0.958531540228686
12.7,5.34413153054337,14.7884018266273,12.8970559002321,-0.397739440223339,-1.14263335799519,-0.957901381789362
12.71,5.34015492001397,14.7769793329785,12.8874800343393,-0.397582845227104,-1.14186478662888,-0.957271605750774
12.72,5.33617987779347,14.7655645229537,12.8779104642973,-0.397425777155861,-1.14109663323961,-0.956642211791746
12.73,5.3322064085995,14.7541573923739,12.8683471862869,-0.397268238640485,-1.1403288976775,-0.956013199591743
12.74,5.32823451712343,14.7427579370615,12.8587901964922,-0.397110232301297,-1.13956157979255,-0.955384568830863
12.75,5.32426420803047,14.7313661528405,12.8492394911002,-0.396951760748108,-1.13879467943467,-0.954756319189844
12.76,5.32029548595979,14.7199820355364,12.8396950663014,-0.396792826580254,-1.13802819645363,-0.954128450350058
12.77,5.31632835552462,14.7086055809762,12.8301569182894,-0.396633432386642,-1.1372621306991,-0.953500961993505
12.78,5.31236282131235,14.6972367849883,12.820625043261,-0.396473580745777,-1.13649648202062,-0.952873853802818
12.79,5.30839888788464,14.6858756434028,12.811099437416,-0.396313274225814,-1.13573125026763,-0.952247125461258
12.8,5.30443655977753,14.6745221520512,12.8015800969575,-0.396152515384588,-1.13496643528946,-0.951620776652709
12.81,5.3004758415015,14.6631763067664,12.7920670180919,-0.395991306769652,-1.13420203693531,-0.950994807061682
12.82,5.29651673754164,14.651838103383,12.7825601970284,-0.395829650918323,-1.13343805505429,-0.950369216373307
12.83,5.29255925235771,14.640507537737,12.7730596299796,-0.395667550357709,-1.1326744894954,-0.949744004273336
12.84,5.28860339038423,14.629184605666,12.7635653131613,-0.395505007604757,-1.1319113401075,-0.949119170448138
12.85,5.28464915603062,14.6178693030089,12.7540772427922,-0.395342025166285,-1.13114860673938,-0.948494714584699
12.86,5.28069655368128,14.6065616256064,12.7445954150942,-0.395178605539022,-1.1303862892397,-0.947870636370616
12.87,5.27674558769569,14.5952615693005,12.7351198262925,-0.395014751209644,-1.12962438745702,-0.947246935494101
12.88,5.27279626240852,14.5839691299348,12.7256504726152,-0.394850464654813,-1.12886290123981,-0.946623611643974
12.89,5.2688485821297,14.5726843033545,12.7161873502936,-0.394685748341213,-1.1281018304364,-0.946000664509665
12.9,5.26490255114458,14.561407085406,12.7067304555621,-0.394520604725588,-1.12734117489505,-0.945378093781209
12.91,5.26095817371395,14.5501374719377,12.6972797846582,-0.394355036254777,-1.12658093446389,-0.944755899149246
12.92,5.25701545407422,14.5388754587991,12.6878353338224,-0.394189045365758,-1.12582110899096,-0.944134080305018
12.93,5.25307439643745,14.5276210418414,12.6783970992984,-0.394022634485672,-1.1250616983242,-0.943512636940366
12.94,5.2491350049915,14.5163742169173,12.668965077333,-0.393855806031873,-1.12430270231144,-0.942891568747732
12.95,5.24519728390009,14.505134979881,12.659539264176,-0.393688562411953,-1.12354412080042,-0.942270875420155
12.96,5.24126123730291,14.4939033265884,12.6501196560802,-0.393520906023789,-1.12278595363877,-0.941650556651265
12.97,5.23732686931573,14.4826792528966,12.6407062493016,-0.393352839255571,-1.12202820067403,-0.94103061213529
12.98,5.23339418403049,14.4714627546644,12.6312990400992,-0.39318436448584,-1.12127086175364,-0.940411041567045
12.99,5.22946318551537,14.4602538277522,12.621898024735,-0.39301548408353,-1.12051393672493,-0.939791844641935
13,5.22553387781494,14.4490524680218,12.6125031994742,-0.392846200407991,-1.11975742543516,-0.939173021055955
13.01,5.2216062649502,14.4378586713367,12.6031145605847,-0.39267651580904,-1.11900132773145,-0.938554570505681
13.02,5.21768035091871,14.4266724335616,12.5937321043379,-0.392506432626986,-1.11824564346088,-0.937936492688278
13.03,5.21375613969467,14.415493750563,12.5843558270079,-0.392335953192667,-1.11749037247038,-0.937318787301488
13.04,5.20983363522901,14.404322618209,12.5749857248718,-0.39216507982749,-1.11673551460685,-0.936701454043634
13.05,5.20591284144952,14.3931590323689,12.5656217942099,-0.391993814843462,-1.11598106971702,-0.936084492613619
13.06,5.20199376226089,14.3820029889139,12.5562640313055,-0.391822160543223,-1.1152270376476,-0.935467902710922
13.07,5.19807640154484,14.3708544837164,12.5469124324447,-0.391650119220089,-1.11447341824516,-0.934851684035596
13.08,5.1941607631602,14.3597135126507,12.5375669939167,-0.391477693158079,-1.1137202113562,-0.934235836288265
13.09,5.19024685094301,14.3485800715923,12.5282277120139,-0.391304884631952,-1.11296741682712,-0.933620359170126
13.1,5.18633466870661,14.3374541564183,12.5188945830313,-0.391131695907246,-1.11221503450424,-0.933005252382945
13.11,5.18242422024173,14.3263357630076,12.5095676032671,-0.390958129240303,-1.11146306423379,-0.932390515629054
13.12,5.17851550931657,14.3152248872403,12.5002467690226,-0.390784186878312,-1.11071150586191,-0.931776148611353
13.13,5.17460853967693,14.3041215249983,12.4909320766017,-0.39060987105934,-1.10996035923464,-0.931162151033302
13.14,5.17070331504624,14.2930256721648,12.4816235223117,-0.390435184012366,-1.10920962419796,-0.930548522598927
13.15,5.16679983912571,14.2819373246248,12.4723211024625,-0.390260127957314,-1.10845930059775,-0.92993526301281
13.16,5.1628981155944,14.2708564782645,12.4630248133672,-0.390084705105089,-1.10770938827979,-0.929322371980097
13.17,5.15899814810928,14.2597831289721,12.4537346513416,-0.38990891765761,-1.10695988708979,-0.928709849206486
13.18,5.15509994030537,14.2487172726369,12.4444506127047,-0.38973276780784,-1.1062107968734,-0.928097694398232
13.19,5.15120349579579,14.2376589051501,12.4351726937782,-0.389556257739827,-1.10546211747614,-0.927485907262142
13.2,5.14730881817187,14.2266080224041,12.4259008908869,-0.38937938962873,-1.10471384874347,-0.926874487505576
13.21,5.14341591100324,14.2155646202932,12.4166352003585,-0.389202165640856,-1.10396599052078,-0.926263434836444
13.22,5.1395247778379,14.2045286947129,12.4073756185235,-0.389024587933691,-1.10321854265337,-0.925652748963203
13.23,5.13563542220231,14.1935002415606,12.3981221417155,-0.388846658655937,-1.10247150498644,-0.925042429594856
13.24,5.13174784760151,14.182479256735,12.3888747662708,-0.38866837994754,-1.10172487736514,-0.924432476440952
13.25,5.12786205751917,14.1714657361364,12.3796334885287,-0.388489753939725,-1.10097865963453,-0.923822889211582
13.26,5.1239780554177,14.1604596756666,12.3703983048315,-0.388310782755028,-1.10023285163959,-0.92321366761738
13.27,5.12009584473831,14.1494610712292,12.3611692115242,-0.38813146850733,-1.09948745322521,-0.922604811369516
13.28,5.11621542890114,14.138469918729,12.3519462049549,-0.387951813301889,-1.09874246423623,-0.921996320179703
13.29,5.11233681130529,14.1274862140727,12.3427292814743,-0.387771819235369,-1.09799788451739,-0.921388193760186
13.3,5.10845999532896,14.1165099531682,12.3335184374361,-0.387591488395878,-1.09725371391338,-0.920780431823745
13.31,5.1045849843295,14.1055411319252,12.3243136691971,-0.387410822862994,-1.09650995226878,-0.920173034083697
13.32,5.10071178164352,14.0945797462549,12.3151149731167,-0.387229824707801,-1.09576659942812,-0.919566000253884
13.33,5.09684039058694,14.08362579207,12.3059223455572,-0.387048495992919,-1.09502365523586,-0.918959330048684
13.34,5.09297081445512,14.0726792652848,12.2967357828837,-0.386866838772537,-1.09428111953637,-0.918353023182996
13.35,5.08910305652289,14.0617401618152,12.2875552814643,-0.386684855092444,-1.09353899217396,-0.917747079372253
13.36,5.0852371200447,14.0508084775786,12.2783808376699,-0.386502546990058,-1.09279727299286,-0.917141498332406
13.37,5.08137300825464,14.0398842084939,12.2692124478741,-0.386319916494462,-1.09205596183722,-0.916536279779935
13.38,5.07751072436656,14.0289673504817,12.2600501084536,-0.386136965626433,-1.09131505855116,-0.915931423431835
13.39,5.07365027157415,14.0180578994641,12.2508938157876,-0.38595369639847,-1.09057456297869,-0.915326929005627
13.4,5.06979165305099,14.0071558513647,12.2417435662585,-0.385770110814833,-1.08983447496376,-0.914722796219346
13.41,5.0659348719507,13.9962612021086,12.232599356251,-0.385586210871565,-1.08909479435025,-0.914119024791546
13.42,5.06207993140694,13.9853739476228,12.2234611821532,-0.385401998556528,-1.08835552098199,-0.913515614441293
13.43,5.05822683453356,13.9744940838355,12.2143290403556,-0.385217475849431,-1.08761665470273,-0.912912564888172
13.44,5.05437558442464,13.9636216066765,12.2052029272517,-0.385032644721864,-1.08687819535614,-0.912309875852274
13.45,5.0505261841546,13.9527565120775,12.1960828392376,-0.384847507137326,-1.08614014278586,-0.911707547054203
13.46,5.04667863677823,13.9418987959712,12.1869687727124,-0.384662065051256,-1.08540249683541,-0.911105578215073
13.47,5.04283294533085,13.9310484542925,12.1778607240779,-0.38447632041106,-1.08466525734831,-0.910503969056501
13.48,5.03898911282831,13.9202054829774,12.1687586897386,-0.38429027515615,-1.08392842416797,-0.909902719300613
13.49,5.03514714226713,13.9093698779636,12.159662666102,-0.384103931217962,-1.08319199713775,-0.909301828670039
13.5,5.03130703662454,13.8985416351904,12.1505726495782,-0.383917290519998,-1.08245597610094,-0.90870129688791
13.51,5.02746879885858,13.8877207505987,12.1414886365799,-0.383730354977844,-1.08172036090079,-0.908101123677858
13.52,5.02363243190818,13.8769072201308,12.1324106235231,-0.38354312649921,-1.08098515138046,-0.907501308764016
13.53,5.01979793869322,13.8661010397309,12.1233386068259,-0.383355606983954,-1.08025034738307,-0.906901851871012
13.54,5.01596532211463,13.8553022053443,12.1142725829096,-0.383167798324111,-1.07951594875167,-0.906302752723973
13.55,5.01213458505444,13.8445107129183,12.1052125481981,-0.382979702403928,-1.07878195532925,-0.905704011048519
13.56,5.00830573037591,13.8337265584016,12.0961584991181,-0.382791321099884,-1.07804836695875,-0.905105626570764
13.57,5.00447876092355,13.8229497377443,12.0871104320989,-0.382602656280731,-1.07731518348305,-0.904507599017315
13.58,5.00065367952322,13.8121802468985,12.0780683435727,-0.38241370980751,-1.07658240474494,-0.903909928115266
13.59,4.99683048898222,13.8014180818174,12.0690322299742,-0.382224483533592,-1.07585003058721,-0.903312613592202
13.6,4.99300919208934,13.790663238456,12.0600020877412,-0.382034979304699,-1.07511806085254,-0.902715655176196
13.61,4.98918979161496,13.7799157127709,12.0509779133138,-0.381845198958935,-1.07438649538359,-0.902119052595805
13.62,4.98537229031112,13.7691755007203,12.0419597031351,-0.381655144326815,-1.07365533402294,-0.901522805580071
13.63,4.98155669091159,13.7584425982638,12.0329474536507,-0.381464817231294,-1.07292457661314,-0.900926913858517
13.64,4.97774299613194,13.7477170013628,12.0239411613091,-0.381274219487796,-1.07219422299666,-0.900331377161151
13.65,4.97393120866963,13.73699870598,12.0149408225614,-0.381083352904238,-1.07146427301592,-0.899736195218458
13.66,4.97012133120408,13.72628770808,12.0059464338614,-0.380892219281064,-1.07073472651332,-0.899141367761401
13.67,4.96631336639674,13.7155840036286,11.9969579916655,-0.38070082041127,-1.07000558333115,-0.898546894521423
13.68,4.96250731689117,13.7048875885936,11.9879754924329,-0.380509158080432,-1.06927684331171,-0.897952775230438
13.69,4.95870318531311,13.694198458944,11.9789989326256,-0.380317234066735,-1.06854850629719,-0.897359009620839
13.7,4.95490097427054,13.6835166106506,11.9700283087079,-0.380125050141,-1.06782057212977,-0.896765597425486
13.71,4.95110068635379,13.6728420396858,11.9610636171471,-0.379932608066714,-1.06709304065157,-0.896172538377715
13.72,4.94730232413558,13.6621747420234,11.952104854413,-0.379739909600053,-1.06636591170465,-0.89557983221133
13.73,4.94350589017112,13.6515147136389,11.9431520169782,-0.379546956489915,-1.06563918513102,-0.894987478660602
13.74,4.93971138699814,13.6408619505093,11.9342051013178,-0.379353750477942,-1.06491286077267,-0.894395477460269
13.75,4.93591881713702,13.6302164486134,11.9252641039096,-0.379160293298552,-1.06418693847149,-0.893803828345536
13.76,4.9321281830908,13.6195782039313,11.9163290212342,-0.378966586678963,-1.06346141806938,-0.893212531052072
13.77,4.92833948734531,13.6089472124448,11.9073998497745,-0.378772632339224,-1.06273629940815,-0.892621585316006
13.78,4.9245527323692,13.5983234701373,11.8984765860164,-0.378578431992235,-1.0620115823296,-0.892030990873929
13.79,4.92076792061403,13.5877069729938,11.8895592264482,-0.378383987343784,-1.06128726667543,-0.891440747462896
13.8,4.91698505451435,13.5770977170007,11.880647767561,-0.378189300092564,-1.06056335228735,-0.890850854820414
13.81,4.91320413648774,13.5664956981464,11.8717422058483,-0.377994371930207,-1.05983983900699,-0.890261312684451
13.82,4.90942516893491,13.5559009124204,11.8628425378064,-0.377799204541304,-1.05911672667596,-0.88967212079343
13.83,4.90564815423975,13.5453133558141,11.8539487599341,-0.37760379960344,-1.05839401513581,-0.889083278886227
13.84,4.90187309476942,13.5347330243203,11.845060868733,-0.377408158787211,-1.05767170422805,-0.888494786702172
13.85,4.8980999928744,13.5241599139336,11.836178860707,-0.377212283756259,-1.05694979379417,-0.887906643981044
13.86,4.89432885088857,13.5135940206499,11.8273027323629,-0.377016176167292,-1.05622828367556,-0.887318850463077
13.87,4.89055967112929,13.5030353404669,11.8184324802098,-0.376819837670114,-1.05550717371363,-0.88673140588895
13.88,4.88679245589742,13.4924838693839,11.8095681007598,-0.376623269907649,-1.05478646374971,-0.88614430999979
13.89,4.88302720747748,13.4819396034017,11.8007095905271,-0.376426474515967,-1.05406615362512,-0.88555756253717
13.9,4.87926392813761,13.4714025385226,11.7918569460289,-0.376229453124312,-1.05334624318111,-0.884971163243108
13.91,4.87550262012972,13.4608726707506,11.7830101637847,-0.376032207355125,-1.0526267322589,-0.884385111860067
13.92,4.87174328568954,13.4503499960914,11.7741692403167,-0.375834738824073,-1.05190762069969,-0.883799408130949
13.93,4.86798592703664,13.4398345105521,11.7653341721497,-0.375637049140069,-1.05118890834462,-0.883214051799098
13.94,4.86423054637457,13.4293262101414,11.7565049558109,-0.375439139905305,-1.05047059503479,-0.882629042608299
13.95,4.86047714589087,13.4188250908697,11.7476815878303,-0.375241012715273,-1.04975268061128,-0.882044380302771
13.96,4.85672572775717,13.408331148749,11.7388640647401,-0.375042669158788,-1.04903516491513,-0.881460064627174
13.97,4.85297629412924,13.3978443797927,11.7300523830755,-0.37484411081802,-1.04831804778733,-0.880876095326601
13.98,4.84922884714706,13.3873647800159,11.721246539374,-0.374645339268513,-1.04760132906884,-0.88029247214658
13.99,4.84548338893489,13.3768923454354,11.7124465301755,-0.374446356079213,-1.0468850086006,-0.879709194833071
14,4.84173992160133,13.3664270720695,11.7036523520228,-0.374247162812493,-1.04616908622348,-0.879126263132467
14.01,4.83799844723939,13.355968955938,11.6948640014609,-0.374047761024178,-1.04545356177835,-0.87854367679159
14.02,4.83425896792657,13.3455179930624,11.6860814750375,-0.373848152263566,-1.04473843510604,-0.87796143555769
14.03,4.83052148572488,13.3350741794658,11.6773047693028,-0.37364833807346,-1.04402370604733,-0.877379539178447
14.04,4.82678600268096,13.3246375111728,11.6685338808095,-0.373448319990185,-1.04330937444297,-0.876797987401967
14.05,4.8230525208261,13.3142079842098,11.6597688061128,-0.373248099543618,-1.0425954401337,-0.876216779976778
14.06,4.81932104217634,13.3037855946045,11.6510095417706,-0.37304767825721,-1.04188190296021,-0.875635916651836
14.07,4.81559156873251,13.2933703383864,11.6422560843429,-0.37284705764801,-1.04116876276316,-0.875055397176516
14.08,4.81186410248029,13.2829622115865,11.6335084303927,-0.372646239226691,-1.04045601938318,-0.874475221300618
14.09,4.8081386453903,13.2725612102374,11.624766576485,-0.372445224497573,-1.03974367266087,-0.873895388774358
14.1,4.80441519941815,13.2621673303734,11.6160305191878,-0.372244014958647,-1.0390317224368,-0.873315899348374
14.11,4.80069376650449,13.2517805680304,11.6073002550712,-0.372042612101599,-1.03832016855151,-0.872736752773719
14.12,4.7969743485751,13.2414009192456,11.5985757807079,-0.371841017411837,-1.03760901084552,-0.872157948801864
14.13,4.79325694754091,13.2310283800581,11.5898570926732,-0.371639232368507,-1.03689824915931,-0.871579487184696
14.14,4.78954156529812,13.2206629465085,11.5811441875448,-0.371437258444526,-1.03618788333332,-0.871001367674512
14.15,4.78582820372822,13.210304614639,11.5724370619028,-0.3712350971066,-1.03547791320801,-0.870423590024026
14.16,4.78211686469806,13.1999533804934,11.5637357123298,-0.371032749815249,-1.03476833862375,-0.86984615398636
14.17,4.77840755005991,13.1896092401171,11.555040135411,-0.370830218024831,-1.03405915942094,-0.869269059315048
14.18,4.77470026165154,13.179272189557,11.546350327734,-0.370627503183565,-1.03335037543991,-0.868692305764032
14.19,4.77099500129627,13.1689422248618,11.5376662858887,-0.370424606733553,-1.03264198652099,-0.868115893087662
14.2,4.76729177080301,13.1586193420816,11.5289880064676,-0.370221530110807,-1.03193399250448,-0.867539821040695
14.21,4.76359057196637,13.1483035372682,11.5203154860657,-0.370018274745266,-1.03122639323066,-0.866964089378292
14.22,4.75989140656666,13.137994806475,11.5116487212803,-0.369814842060827,-1.03051918853975,-0.866388697856021
14.23,4.75619427637,13.127693145757,11.5029877087113,-0.36961123347536,-1.029812378272,-0.865813646229849
14.24,4.75249918312835,13.1173985511706,11.4943324449608,-0.369407450400737,-1.02910596226762,-0.865238934256146
14.25,4.7488061285796,13.1071110187741,11.4856829266337,-0.36920349424285,-1.02839994036677,-0.864664561691684
14.26,4.74511511444759,13.0968305446273,11.477039150337,-0.36899936640164,-1.02769431240962,-0.864090528293634
14.27,4.7414261424422,13.0865571247915,11.4684011126803,-0.368795068271112,-1.02698907823629,-0.863516833819564
14.28,4.73773921425939,13.0762907553296,11.4597688102755,-0.368590601239362,-1.02628423768691,-0.862943478027438
14.29,4.73405433158129,13.0660314323063,11.451142239737,-0.368385966688603,-1.02557979060156,-0.862370460675619
14.3,4.73037149607621,13.0557791517877,11.4425213976817,-0.368181165995177,-1.02487573682032,-0.861797781522863
14.31,4.72669070939875,13.0455339098415,11.4339062807287,-0.367976200529588,-1.02417207618323,-0.861225440328319
14.32,4.72301197318982,13.0352957025371,11.4252968854996,-0.367771071656519,-1.02346880853034,-0.860653436851528
14.33,4.71933528907671,13.0250645259455,11.4166932086185,-0.367565780734853,-1.02276593370165,-0.860081770852424
14.34,4.71566065867316,13.0148403761392,11.4080952467119,-0.3673603291177,-1.02206345153717,-0.859510442091329
14.35,4.7119880835794,13.0046232491924,11.3995029964084,-0.367154718152414,-1.02136136187685,-0.858939450328955
14.36,4.70831756538221,12.9944131411809,11.3909164543394,-0.366948949180618,-1.02065966456067,-0.858368795326403
14.37,4.70464910565501,12.984210048182,11.3823356171384,-0.366743023538226,-1.01995835942855,-0.857798476845158
14.38,4.70098270595786,12.9740139662746,11.3737604814414,-0.366536942555461,-1.01925744632043,-0.857228494647091
14.39,4.69731836783754,12.9638248915393,11.3651910438867,-0.36633070755688,-1.01855692507622,-0.856658848494458
14.4,4.69365609282765,12.9536428200584,11.3566273011151,-0.366124319861397,-1.0178567955358,-0.856089538149899
14.41,4.6899958824486,12.9434677479155,11.3480692497697,-0.365917780782301,-1.01715705753905,-0.855520563376433
14.42,4.6863377382077,12.933299671196,11.339516886496,-0.365711091627279,-1.01645771092582,-0.854951923937466
14.43,4.68268166159921,12.9231385859869,11.3309702079417,-0.365504253698438,-1.01575875553596,-0.854383619596778
14.44,4.6790276541044,12.9129844883767,11.3224292107572,-0.365297268292324,-1.01506019120931,-0.853815650118528
14.45,4.6753757171916,12.9028373744557,11.3138938915948,-0.365090136699946,-1.01436201778569,-0.853248015267256
14.46,4.67172585231627,12.8926972403156,11.3053642471096,-0.364882860206797,-1.01366423510489,-0.852680714807877
14.47,4.66807806092103,12.8825640820497,11.2968402739588,-0.364675440092872,-1.0129668430067,-0.852113748505682
14.48,4.66443234443571,12.8724378957531,11.288321968802,-0.364467877632692,-1.0122698413309,-0.851547116126334
14.49,4.66078870427747,12.8623186775223,11.2798093283012,-0.364260174095325,-1.01157322991725,-0.850980817435872
14.5,4.65714714185075,12.8522064234555,11.2713023491205,-0.364052330744404,-1.0108770086055,-0.850414852200706
14.51,4.65350765854742,12.8421011296525,11.2628010279267,-0.36384434883815,-1.01018117723541,-0.849849220187617
14.52,4.64987025574679,12.8320027922147,11.2543053613886,-0.363636229629393,-1.00948573564669,-0.849283921163757
14.53,4.64623493481565,12.8219114072451,11.2458153461776,-0.363427974365592,-1.00879068367907,-0.848718954896645
14.54,4.64260169710836,12.8118269708481,11.2373309789672,-0.363219584288854,-1.00809602117226,-0.848154321154169
14.55,4.63897054396688,12.8017494791302,11.2288522564333,-0.363011060635958,-1.00740174796596,-0.847590019704584
14.56,4.63534147672082,12.791678928199,11.2203791752542,-0.362802404638371,-1.00670786389984,-0.847026050316511
14.57,4.63171449668752,12.7816153141639,11.2119117321105,-0.362593617522272,-1.00601436881361,-0.846462412758935
14.58,4.62808960517206,12.771558633136,11.2034499236848,-0.362384700508571,-1.00532126254691,-0.845899106801205
14.59,4.62446680346736,12.7615088812278,11.1949937466625,-0.362175654812928,-1.00462854493943,-0.845336132213032
14.6,4.6208460928542,12.7514660545536,11.186543197731,-0.361966481645775,-1.00393621583081,-0.844773488764489
14.61,4.61722747460129,12.7414301492292,11.1780982735799,-0.361757182212334,-1.00324427506071,-0.844211176226009
14.62,4.61361094996529,12.7314011613719,11.1696589709014,-0.36154775771264,-1.00255272246877,-0.843649194368385
14.63,4.60999652019091,12.7213790871009,11.1612252863898,-0.361338209341557,-1.00186155789461,-0.843087542962768
14.64,4.60638418651092,12.7113639225368,11.1527972167417,-0.361128538288801,-1.00117078117787,-0.842526221780668
14.65,4.60277395014624,12.7013556638017,11.144374758656,-0.360918745738959,-1.00048039215818,-0.841965230593947
14.66,4.59916581230595,12.6913543070195,11.1359579088339,-0.360708832871504,-0.999790390675141,-0.841404569174827
14.67,4.59555977418736,12.6813598483157,11.1275466639789,-0.360498800860826,-0.999100776568365,-0.840844237295883
14.68,4.59195583697609,12.6713722838172,11.1191410207967,-0.360288650876238,-0.998411549677474,-0.840284234730041
14.69,4.58835400184604,12.6613916096528,11.1107409759953,-0.360078384082005,-0.997722709842057,-0.839724561250583
14.7,4.58475426995955,12.6514178219526,11.1023465262849,-0.359868001637358,-0.997034256901711,-0.839165216631139
14.71,4.58115664246735,12.6414509168486,11.0939576683781,-0.359657504696517,-0.996346190696041,-0.838606200645689
14.72,4.57756112050867,12.6314908904742,11.0855743989897,-0.359446894408709,-0.99565851106463,-0.838047513068567
14.73,4.57396770521128,12.6215377389644,11.0771967148367,-0.359236171918186,-0.994971217847071,-0.837489153674449
14.74,4.57037639769152,12.6115914584559,11.0688246126384,-0.359025338364243,-0.99428431088295,-0.836931122238362
14.75,4.56678719905435,12.6016520450869,11.0604580891164,-0.358814394881244,-0.993597790011847,-0.836373418535678
14.76,4.56320011039345,12.5917194949975,11.0520971409944,-0.358603342598631,-0.992911655073347,-0.835816042342116
14.77,4.55961513279119,12.5817938043289,11.0437417649985,-0.358392182640949,-0.992225905907036,-0.835258993433735
14.78,4.55603226731873,12.5718749692244,11.035391957857,-0.358180916127865,-0.991540542352491,-0.834702271586943
14.79,4.55245151503608,12.5619629858286,11.0270477163002,-0.357969544174186,-0.990855564249281,-0.834145876578486
14.8,4.5488728769921,12.5520578502877,11.0187090370611,-0.357758067889874,-0.990170971436999,-0.833589808185453
14.81,4.54529635422457,12.5421595587497,11.0103759168744,-0.35754648838007,-0.989486763755216,-0.833034066185273
14.82,4.54172194776028,12.5322681073641,11.0020483524775,-0.35733480674511,-0.988802941043515,-0.832478650355714
14.83,4.538149658615,12.522383492282,10.9937263406097,-0.357123024080543,-0.988119503141479,-0.831923560474882
14.84,4.53457948779358,12.5125057096561,10.9854098780126,-0.35691114147715,-0.987436449888688,-0.831368796321224
14.85,4.53101143629,12.5026347556406,10.97709896143,-0.356699160020965,-0.986753781124723,-0.830814357673517
14.86,4.52744550508739,12.4927706263916,10.9687935876081,-0.356487080793287,-0.986071496689166,-0.830260244310881
14.87,4.5238816951581,12.4829133180664,10.960493753295,-0.356274904870705,-0.985389596421604,-0.829706456012765
14.88,4.52032000746372,12.4730628268244,10.9521994552412,-0.35606263332511,-0.984708080161636,-0.829152992558953
14.89,4.51676044295516,12.4632191488261,10.9439106901994,-0.355850267223721,-0.984026947748851,-0.828599853729562
14.9,4.51320300257268,12.4533822802339,10.9356274549245,-0.355637807629093,-0.983346199022839,-0.828047039305042
14.91,4.50964768724594,12.4435522172118,10.9273497461733,-0.355425255599144,-0.982665833823205,-0.827494549066173
14.92,4.50609449789402,12.4337289559252,10.9190775607053,-0.355212612187167,-0.98198585198956,-0.826942382794062
14.93,4.50254343542552,12.4239124925414,10.9108108952818,-0.354999878441851,-0.981306253361502,-0.82639054027015
14.94,4.49899450073857,12.414102823229,10.9025497466665,-0.354787055407298,-0.980627037778647,-0.825839021276202
14.95,4.49544769472087,12.4042999441585,10.8942941116251,-0.354574144123039,-0.979948205080605,-0.825287825594313
14.96,4.49190301824975,12.3945038515018,10.8860439869255,-0.354361145624052,-0.979269755107014,-0.824736953006901
14.97,4.48836047219223,12.3847145414323,10.877799369338,-0.354148060940785,-0.978591687697496,-0.824186403296712
14.98,4.48482005740501,12.3749320101254,10.8695602556349,-0.353934891099165,-0.977914002691675,-0.823636176246816
14.99,4.4812817747346,12.3651562537578,10.8613266425905,-0.35372163712062,-0.977236699929203,-0.823086271640604
15,4.47774562501729,12.3553872685078,10.8530985269816,-0.353508300022097,-0.976559779249733,-0.822536689261792
15.01,4.47421160907922,12.3456250505553,10.844875905587,-0.353294880816077,-0.975883240492916,-0.821987428894415
15.02,4.47067972773645,12.3358695960821,10.8366587751877,-0.353081380510596,-0.975207083498414,-0.821438490322833
15.03,4.46714998179496,12.3261209012712,10.8284471325667,-0.352867800109256,-0.974531308105888,-0.820889873331722
15.04,4.46362237205072,12.3163789623075,10.8202409745093,-0.352654140611249,-0.973855914155025,-0.820341577706079
15.05,4.46009689928974,12.3066437753773,10.8120402978029,-0.352440403011367,-0.973180901485513,-0.819793603231217
15.06,4.4565735642881,12.2969153366687,10.8038450992372,-0.352226588300026,-0.97250626993705,-0.819245949692766
15.07,4.45305236781199,12.2871936423711,10.7956553756037,-0.352012697463279,-0.97183201934933,-0.818698616876676
15.08,4.44953331061776,12.2774786886759,10.7874711236965,-0.351798731482833,-0.971158149562078,-0.818151604569208
15.09,4.44601639345198,12.2677704717757,10.7792923403113,-0.351584691336067,-0.970484660415013,-0.817604912556939
15.1,4.44250161705147,12.2580689878651,10.7711190222464,-0.351370577996045,-0.969811551747869,-0.817058540626761
15.11,4.4389889821433,12.2483742331399,10.762951166302,-0.351156392431543,-0.969138823400379,-0.816512488565877
15.12,4.43547848944493,12.2386862037979,10.7547887692804,-0.35094213560705,-0.968466475212315,-0.815966756161802
15.13,4.43197013966415,12.2290048960382,10.7466318279862,-0.350727808482799,-0.967794507023425,-0.815421343202363
15.14,4.42846393349921,12.2193303060616,10.7384803392259,-0.350513412014775,-0.9671229186735,-0.814876249475695
15.15,4.42495987163878,12.2096624300706,10.7303342998084,-0.350298947154735,-0.966451710002311,-0.814331474770245
15.16,4.42145795476206,12.2000012642691,10.7221937065444,-0.350084414850222,-0.965780880849676,-0.813787018874766
15.17,4.41795818353878,12.1903468048628,10.7140585562468,-0.349869816044583,-0.965110431055404,-0.813242881578319
15.18,4.41446055862929,12.1806990480589,10.7059288457308,-0.349655151676986,-0.964440360459312,-0.812699062670273
15.19,4.41096508068452,12.1710579900662,10.6978045718135,-0.349440422682435,-0.963770668901242,-0.812155561940301
15.2,4.4074717503461,12.1614236270952,10.6896857313143,-0.349225629991785,-0.963101356221041,-0.811612379178384
15.21,4.40398056824638,12.1517959553578,10.6815723210543,-0.349010774531761,-0.962432422258573,-0.811069514174802
15.22,4.40049153500845,12.1421749710676,10.6734643378572,-0.34879585722497,-0.961763866853723,-0.810526966720143
15.23,4.39700465124618,12.13256067044,10.6653617785484,-0.348580878989923,-0.961095689846376,-0.809984736605295
15.24,4.3935199175643,12.1229530496918,10.6572646399557,-0.348365840741043,-0.960427891076443,-0.809442823621449
15.25,4.39003733455841,12.1133521050412,10.6491729189087,-0.348150743388689,-0.959760470383838,-0.808901227560096
15.26,4.38655690281502,12.1037578327085,10.6410866122393,-0.347935587839165,-0.959093427608506,-0.808359948213025
15.27,4.38307862291159,12.0941702289152,10.6330057167813,-0.347720374994743,-0.958426762590394,-0.807818985372329
15.28,4.37960249541661,12.0845892898845,10.6249302293708,-0.347505105753667,-0.957760475169467,-0.807278338830394
15.29,4.37612852088957,12.0750150118413,10.6168601468458,-0.347289781010183,-0.95709456518571,-0.806738008379906
15.3,4.37265669988106,12.065447391012,10.6087954660463,-0.347074401654545,-0.956429032479115,-0.80619799381385
15.31,4.36918703293277,12.0558864236247,10.6007361838147,-0.346858968573032,-0.9557638768897,-0.805658294925501
15.32,4.36571952057757,12.0463321059089,10.592682296995,-0.346643482647965,-0.955099098257504,-0.805118911508435
15.33,4.3622541633395,12.0367844340959,10.5846338024338,-0.346427944757724,-0.954434696422563,-0.804579843356517
15.34,4.35879096173386,12.0272434044185,10.5765906969793,-0.346212355776758,-0.953770671224949,-0.804041090263911
15.35,4.35532991626721,12.0177090131111,10.5685529774819,-0.345996716575606,-0.953107022504753,-0.803502652025067
15.36,4.35187102743743,12.0081812564099,10.5605206407942,-0.345781028020908,-0.952443750102062,-0.802964528434733
15.37,4.34841429573374,11.9986601305523,10.5524936837708,-0.345565290975423,-0.951780853857,-0.802426719287944
15.38,4.34495972163679,11.9891456317776,10.5444721032681,-0.345349506298043,-0.951118333609708,-0.801889224380027
15.39,4.34150730561861,11.9796377563267,10.5364558961448,-0.345133674843808,-0.950456189200342,-0.801352043506597
15.4,4.33805704814272,11.970136500442,10.5284450592616,-0.344917797463921,-0.949794420469076,-0.80081517646356
15.41,4.33460894966417,11.9606418603674,10.5204395894812,-0.344701875005763,-0.949133027256103,-0.800278623047108
15.42,4.33116301062952,11.9511538323487,10.5124394836684,-0.344485908312908,-0.948472009401641,-0.799742383053719
15.43,4.32771923147692,11.9416724126329,10.5044447386899,-0.344269898225137,-0.94781136674593,-0.799206456280159
15.44,4.32427761263617,11.932197597469,10.4964553514146,-0.344053845578456,-0.947151099129206,-0.798670842523481
15.45,4.32083815452869,11.9227293831073,10.4884713187133,-0.343837751205105,-0.946491206391761,-0.798135541581019
15.46,4.31740085756763,11.9132677657999,10.4804926374588,-0.343621615933579,-0.945831688373876,-0.797600553250394
15.47,4.31396572215783,11.9038127418003,10.4725193045261,-0.343405440588637,-0.945172544915878,-0.797065877329507
15.48,4.31053274869596,11.8943643073637,10.4645513167921,-0.343189225991321,-0.944513775858104,-0.796531513616545
15.49,4.30710193757044,11.884922458747,10.4565886711357,-0.342972972958969,-0.94385538104091,-0.795997461909974
15.5,4.30367328916158,11.8754871922086,10.4486313644379,-0.342756682305227,-0.943197360304665,-0.795463722008543
15.51,4.30024680384154,11.8660585040083,10.4406793935815,-0.342540354840068,-0.942539713489789,-0.794930293711279
15.52,4.29682248197442,11.8566363904079,10.4327327554516,-0.342323991369802,-0.941882440436703,-0.79439717681749
15.53,4.29340032391627,11.8472208476705,10.4247914469351,-0.342107592697092,-0.94122554098585,-0.79386437112676
15.54,4.28998033001511,11.8378118720608,10.416855464921,-0.341891159620972,-0.940569014977694,-0.793331876438955
15.55,4.28656250061103,11.8284094598453,10.4089248063003,-0.341674692936854,-0.939912862252737,-0.792799692554215
15.56,4.28314683603615,11.8190136072918,10.4009994679659,-0.341458193436547,-0.939257082651499,-0.792267819272956
15.57,4.27973333661469,11.8096243106701,10.3930794468128,-0.34124166190827,-0.938601676014502,-0.791736256395872
15.58,4.27632200266302,11.8002415662512,10.3851647397379,-0.341025099136667,-0.93794664218233,-0.79120500372393
15.59,4.27291283448969,11.7908653703078,10.3772553436403,-0.340808505902816,-0.937291980995559,-0.790674061058372
15.6,4.26950583239543,11.7814957191144,10.3693512554207,-0.340591882984253,-0.936637692294795,-0.790143428200713
15.61,4.26610099667323,11.7721326089468,10.3614524719822,-0.340375231154975,-0.935983775920689,-0.789613104952741
15.62,4.26269832760836,11.7627760360826,10.3535589902295,-0.340158551185461,-0.935330231713898,-0.789083091116515
15.63,4.25929782547838,11.7534259968009,10.3456708070697,-0.339941843842682,-0.934677059515102,-0.788553386494366
15.64,4.25589949055323,11.7440824873825,10.3377879194115,-0.339725109890118,-0.934024259165023,-0.788023990888895
15.65,4.25250332309521,11.7347455041095,10.3299103241657,-0.339508350087767,-0.933371830504385,-0.787494904102974
15.66,4.24910932335904,11.7254150432661,10.3220380182452,-0.339291565192164,-0.932719773373965,-0.786966125939742
15.67,4.2457174915919,11.7160911011375,10.3141709985647,-0.339074755956393,-0.932068087614536,-0.786437656202608
15.68,4.24232782803346,11.706773674011,10.3063092620409,-0.338857923130096,-0.931416773066933,-0.785909494695248
15.69,4.23894033291588,11.6974627581752,10.2984528055925,-0.338641067459492,-0.930765829571982,-0.785381641221603
15.7,4.23555500646393,11.6881583499203,10.2906016261401,-0.338424189687389,-0.930115256970552,-0.784854095585885
15.71,4.2321718488949,11.6788604455383,10.2827557206064,-0.338207290553196,-0.92946505510356,-0.784326857592565
15.72,4.22879086041877,11.6695690413226,10.2749150859158,-0.337990370792938,-0.928815223811906,-0.783799927046384
15.73,4.22541204123813,11.6602841335681,10.2670797189949,-0.337773431139269,-0.928165762936545,-0.783273303752345
15.74,4.22203539154828,11.6510057185717,10.2592496167722,-0.337556472321482,-0.927516672318469,-0.782746987515713
15.75,4.21866091153724,11.6417337926314,10.251424776178,-0.337339495065529,-0.92686795179867,-0.782220978142019
15.76,4.21528860138578,11.6324683520471,10.2436051941447,-0.337122500094027,-0.926219601218179,-0.781695275437054
15.77,4.21191846126748,11.6232093931203,10.2357908676066,-0.336905488126277,-0.925571620418076,-0.781169879206869
15.78,4.20855049134872,11.6139569121538,10.2279817934998,-0.33668845987827,-0.924924009239445,-0.780644789257777
15.79,4.20518469178875,11.6047109054523,10.2201779687626,-0.336471416062709,-0.924276767523399,-0.780120005396351
15.8,4.20182106273971,11.5954713693219,10.212379390335,-0.336254357389014,-0.923629895111096,-0.779595527429423
15.81,4.19845960434665,11.5862383000704,10.204586055159,-0.336037284563339,-0.922983391843716,-0.779071355164083
15.82,4.1951003167476,11.5770116940072,10.1967979601787,-0.335820198288585,-0.922337257562462,-0.778547488407679
15.83,4.19174320007355,11.5677915474431,10.1890151023398,-0.33560309926441,-0.921691492108588,-0.778023926967815
15.84,4.18838825444851,11.5585778566907,10.1812374785901,-0.335385988187245,-0.921046095323345,-0.777500670652356
15.85,4.18503547998957,11.5493706180642,10.1734650858794,-0.335168865750304,-0.920401067048036,-0.776977719269417
15.86,4.18168487680687,11.5401698278791,10.1656979211594,-0.334951732643599,-0.919756407123998,-0.77645507262737
15.87,4.1783364450037,11.5309754824528,10.1579359813834,-0.334734589553952,-0.919112115392583,-0.775932730534844
15.88,4.17499018467646,11.5217875781042,10.1501792635071,-0.334517437165005,-0.918468191695188,-0.775410692800718
15.89,4.17164609591476,11.5126061111537,10.1424277644878,-0.334300276157236,-0.917824635873234,-0.774888959234127
15.9,4.16830417880141,11.5034310779233,10.1346814812847,-0.334083107207969,-0.917181447768184,-0.774367529644456
15.91,4.16496443341245,11.4942624747367,10.1269404108591,-0.333865930991391,-0.916538627221506,-0.773846403841345
15.92,4.16162685981722,11.485100297919,10.119204550174,-0.333648748178555,-0.915896174074733,-0.77332558163468
15.93,4.15829145807834,11.4759445437971,10.1114738961944,-0.333431559437406,-0.915254088169404,-0.772805062834604
15.94,4.15495822825178,11.4667952086994,10.1037484458872,-0.333214365432776,-0.914612369347109,-0.772284847251504
15.95,4.15162717038687,11.4576522889558,10.0960281962212,-0.332997166826415,-0.913971017449459,-0.77176493469602
15.96,4.14829828452636,11.4485157808978,10.088313144167,-0.332779964276988,-0.913330032318101,-0.771245324979038
15.97,4.14497157070639,11.4393856808587,10.0806032866972,-0.332562758440097,-0.912689413794714,-0.770726017911693
15.98,4.14164702895658,11.430261985173,10.0728986207862,-0.332345549968285,-0.912049161721014,-0.770207013305367
15.99,4.13832465930005,11.4211446901771,10.0651991434104,-0.332128339511057,-0.911409275938744,-0.769688310971689
16,4.13500446175342,11.4120337922089,10.057504851548,-0.331911127714885,-0.910769756289689,-0.769169910722533
16.01,4.13168643632688,11.4029292876078,10.0498157421791,-0.331693915223221,-0.910130602615659,-0.76865181237002
16.02,4.12837058302418,11.3938311727149,10.0421318122856,-0.331476702676514,-0.909491814758507,-0.768134015726512
16.03,4.1250569018427,11.3847394438728,10.0344530588514,-0.331259490712214,-0.908853392560108,-0.76761652060462
16.04,4.12174539277344,11.3756540974257,10.0267794788622,-0.331042279964793,-0.908215335862379,-0.767099326817195
16.05,4.11843605580109,11.3665751297194,10.0191110693057,-0.330825071065746,-0.907577644507277,-0.766582434177331
16.06,4.11512889090402,11.3575025371012,10.0114478271712,-0.330607864643613,-0.906940318336782,-0.766065842498365
16.07,4.11182389805436,11.3484363159201,10.00378974945,-0.330390661323986,-0.906303357192924,-0.765549551593875
16.08,4.10852107721796,11.3393764625267,9.9961368331355,-0.330173461729518,-0.905666760917753,-0.76503356127768
16.09,4.10522042835448,11.3303229732729,9.98848907522256,-0.329956266479942,-0.905030529353354,-0.76451787136384
16.1,4.1019219514174,11.3212758445126,9.98084647270815,-0.329739076192073,-0.904394662341866,-0.764002481666653
16.11,4.09862564635404,11.3122350726009,9.97320902259101,-0.329521891479829,-0.903759159725442,-0.763487392000657
16.12,4.0953315131056,11.3032006538948,9.96557672187177,-0.329304712954237,-0.903124021346284,-0.762972602180629
16.13,4.09203955160716,11.2941725847525,9.95794956755288,-0.329087541223446,-0.902489247046631,-0.762458112021582
16.14,4.08874976178778,11.2851508615342,9.95032755663867,-0.328870376892737,-0.901854836668751,-0.761943921338768
16.15,4.08546214357043,11.2761354806013,9.94271068613529,-0.328653220564536,-0.901220790054956,-0.761430029947675
16.16,4.08217669687211,11.2671264383171,9.93509895305074,-0.328436072838427,-0.900587107047582,-0.760916437664026
16.17,4.07889342160382,11.2581237310463,9.92749235439488,-0.328218934311157,-0.899953787489019,-0.76040314430378
16.18,4.0756123176706,11.2491273551551,9.91989088717938,-0.328001805576654,-0.899320831221678,-0.759890149683132
16.19,4.07233338497158,11.2401373070115,9.91229454841776,-0.327784687226037,-0.898688238088018,-0.759377453618509
16.2,4.06905662339999,11.2311535829848,9.90470333512539,-0.327567579847622,-0.898056007930543,-0.758865055926572
16.21,4.06578203284318,11.2221761794462,9.89711724431944,-0.327350484026939,-0.897424140591771,-0.758352956424217
16.22,4.06250961318267,11.2132050927681,9.88953627301895,-0.327133400346744,-0.89679263591427,-0.75784115492857
16.23,4.05923936429416,11.2042403193249,9.88196041824474,-0.32691632938702,-0.896161493740663,-0.757329651256989
16.24,4.05597128604757,11.1952818554922,9.8743896770195,-0.326699271725001,-0.89553071391359,-0.756818445227065
16.25,4.05270537830705,11.1863296976474,9.86682404636772,-0.326482227935174,-0.894900296275725,-0.756307536656617
16.26,4.04944164093103,11.1773838421693,9.85926352331571,-0.326265198589295,-0.894270240669801,-0.755796925363696
16.27,4.04618007377223,11.1684442854385,9.8517081048916,-0.326048184256396,-0.893640546938567,-0.755286611166583
16.28,4.0429206766777,11.1595110238369,9.84415778812535,-0.325831185502797,-0.893011214924839,-0.754776593883784
16.29,4.03966344948884,11.1505840537482,9.83661257004872,-0.325614202892119,-0.892382244471445,-0.754266873334038
16.3,4.03640839204141,11.1416633715575,9.82907244769527,-0.325397236985294,-0.891753635421271,-0.753757449336309
16.31,4.03315550416559,11.1327489736517,9.8215374181004,-0.325180288340573,-0.891125387617238,-0.753248321709787
16.32,4.02990478568599,11.123840856419,9.81400747830129,-0.324963357513538,-0.890497500902291,-0.752739490273892
16.33,4.02665623642168,11.1149390162493,9.80648262533695,-0.324746445057116,-0.889869975119452,-0.752230954848267
16.34,4.0234098561862,11.1060434495342,9.79896285624815,-0.324529551521584,-0.889242810111735,-0.751722715252782
16.35,4.02016564478761,11.0971541526666,9.79144816807752,-0.324312677454584,-0.88861600572223,-0.751214771307531
16.36,4.01692360202852,11.0882711220411,9.78393855786943,-0.324095823401131,-0.88798956179405,-0.750707122832834
16.37,4.01368372770607,11.0793943540539,9.77643402267008,-0.323878989903624,-0.887363478170362,-0.75019976964923
16.38,4.01044602161202,11.0705238451028,9.76893455952746,-0.323662177501859,-0.886737754694366,-0.749692711577487
16.39,4.00721048353273,11.061659591587,9.76144016549133,-0.323445386733035,-0.886112391209289,-0.749185948438592
16.4,4.0039771132492,11.0528015899074,9.75395083761328,-0.323228618131767,-0.885487387558435,-0.748679480053754
16.41,4.00074591053711,11.0439498364666,9.74646657294664,-0.323011872230096,-0.884862743585108,-0.748173306244406
16.42,3.99751687516681,11.0351043276684,9.73898736854656,-0.3227951495575,-0.884238459132687,-0.747667426832198
16.43,3.99429000690339,11.0262650599184,9.73151322146995,-0.322578450640902,-0.883614534044565,-0.747161841639005
16.44,3.99106530550668,11.0174320296239,9.72404412877551,-0.322361776004681,-0.882990968164201,-0.746656550486917
16.45,3.98784277073125,11.0086052331935,9.71658008752372,-0.322145126170687,-0.88236776133508,-0.746151553198247
16.46,3.98462240232651,10.9997846670374,9.70912109477683,-0.321928501658241,-0.881744913400737,-0.745646849595524
16.47,3.98140420003666,10.9909703275676,9.70166714759887,-0.321711902984156,-0.881122424204745,-0.745142439501497
16.48,3.97818816360075,10.9821622111973,9.69421824305563,-0.321495330662739,-0.880500293590724,-0.744638322739132
16.49,3.9749742927527,10.9733603143416,9.68677437821468,-0.321278785205807,-0.879878521402324,-0.744134499131612
16.5,3.97176258722133,10.9645646334171,9.67933555014536,-0.321062267122689,-0.879257107483256,-0.743630968502336
16.51,3.96855304673036,10.9557751648417,9.67190175591877,-0.320845776920248,-0.878636051677266,-0.74312773067492
16.52,3.96534567099848,10.9469919050351,9.66447299260776,-0.320629315102877,-0.878015353828134,-0.742624785473194
16.53,3.96214045973933,10.9382148504186,9.65704925728696,-0.320412882172521,-0.877395013779698,-0.742122132721205
16.54,3.95893741266155,10.929443997415,9.64963054703275,-0.32019647862868,-0.876775031375826,-0.741619772243212
16.55,3.9557365294688,10.9206793424485,9.64221685892327,-0.319980104968418,-0.876155406460442,-0.741117703863689
16.56,3.95253780985977,10.911920881945,9.6348081900384,-0.319763761686379,-0.875536138877503,-0.740615927407325
16.57,3.94934125352822,10.9031686123321,9.6274045374598,-0.319547449274791,-0.874917228471024,-0.740114442699017
16.58,3.94614686016301,10.8944225300386,9.62000589827085,-0.319331168223478,-0.874298675085036,-0.739613249563881
16.59,3.94295462944811,10.8856826314953,9.61261226955669,-0.319114919019868,-0.873680478563652,-0.739112347827238
16.6,3.9397645610626,10.8769489131343,9.60522364840422,-0.318898702149006,-0.873062638751002,-0.738611737314624
16.61,3.93657665468078,10.8682213713891,9.59784003190207,-0.318682518093561,-0.872445155491263,-0.738111417851786
16.62,3.93339090997207,10.8595000026952,9.5904614171406,-0.318466367333834,-0.871828028628671,-0.73761138926468
16.63,3.93020732660114,10.8507848034892,9.58308780121192,-0.318250250347773,-0.871211258007488,-0.73711165137947
16.64,3.92702590422789,10.8420757702096,9.57571918120989,-0.318034167610975,-0.870594843472036,-0.736612204022533
16.65,3.92384664250745,10.8333728992963,9.56835555423009,-0.317818119596703,-0.869978784866673,-0.736113047020452
16.66,3.92066954109026,10.8246761871907,9.56099691736983,-0.317602106775889,-0.869363082035811,-0.735614180200017
16.67,3.91749459962204,10.8159856303359,9.55364326772817,-0.317386129617149,-0.868747734823894,-0.735115603388229
16.68,3.91432181774384,10.8073012251765,9.54629460240588,-0.317170188586786,-0.868132743075427,-0.734617316412294
16.69,3.91115119509207,10.7986229681586,9.53895091850547,-0.316954284148807,-0.86751810663495,-0.734119319099624
16.7,3.9079827312985,10.78995085573,9.53161221313115,-0.316738416764924,-0.866903825347053,-0.733621611277839
16.71,3.90481642599031,10.7812848843398,9.5242784833889,-0.316522586894571,-0.866289899056367,-0.733124192774763
16.72,3.90165227879006,10.7726250504388,9.51694972638637,-0.316306794994906,-0.865676327607571,-0.732627063418426
16.73,3.89849028931579,10.7639713504796,9.50962593923296,-0.316091041520827,-0.865063110845387,-0.732130223037063
16.74,3.89533045718098,10.7553237809158,9.50230711903977,-0.315875326924976,-0.864450248614602,-0.73163367145911
16.75,3.8921727819946,10.7466823382031,9.49499326291963,-0.315659651657749,-0.86383774076002,-0.731137408513211
16.76,3.88901726336114,10.7380470187984,9.48768436798708,-0.315444016167308,-0.863225587126523,-0.73064143402821
16.77,3.8858639008806,10.7294178191603,9.48038043135835,-0.315228420899587,-0.862613787559007,-0.730145747833155
16.78,3.88271269414854,10.7207947357489,9.47308145015141,-0.315012866298302,-0.862002341902443,-0.729650349757295
16.79,3.87956364275609,10.7121777650258,9.4657874214859,-0.31479735280496,-0.861391250001829,-0.729155239630082
16.8,3.87641674628998,10.7035669034544,9.45849834248321,-0.314581880858867,-0.86078051170222,-0.728660417281168
16.81,3.87327200433257,10.6949621474993,9.45121421026638,-0.314366450897139,-0.860170126848716,-0.728165882540406
16.82,3.87012941646183,10.6863634936269,9.4439350219602,-0.314151063354709,-0.859560095286471,-0.727671635237849
16.83,3.86698898225142,10.677770938305,9.43666077469113,-0.313935718664336,-0.858950416860666,-0.727177675203752
16.84,3.86385070127066,10.669184478003,9.42939146558733,-0.313720417256616,-0.858341091416555,-0.726684002268564
16.85,3.8607145730846,10.6606041091919,9.42212709177866,-0.313505159559985,-0.857732118799423,-0.726190616262937
16.86,3.857580597254,10.6520298283443,9.41486765039666,-0.313289946000737,-0.857123498854617,-0.72569751701772
16.87,3.85444877333536,10.6434616319341,9.40761313857458,-0.313074777003022,-0.856515231427514,-0.72520470436396
16.88,3.85131910088097,10.6348995164369,9.40036355344735,-0.312859652988865,-0.85590731636355,-0.724712178132901
16.89,3.8481915794389,10.6263434783299,9.39311889215158,-0.312644574378165,-0.855299753508203,-0.724219938155983
16.9,3.84506620855302,10.6177935140918,9.38587915182557,-0.312429541588712,-0.85469254270702,-0.723727984264844
16.91,3.84194298776306,10.6092496202029,9.3786443296093,-0.312214555036189,-0.854085683805567,-0.723236316291317
16.92,3.83882191660458,10.6007117931448,9.37141442264444,-0.311999615134184,-0.853479176649473,-0.72274493406743
16.93,3.83570299460902,10.5921800294009,9.36418942807433,-0.3117847222942,-0.852873021084417,-0.722253837425406
16.94,3.83258622130372,10.5836543254561,9.35696934304399,-0.311569876925658,-0.852267216956128,-0.721763026197663
16.95,3.82947159621194,10.5751346777967,9.34975416470012,-0.311355079435911,-0.851661764110367,-0.721272500216815
16.96,3.82635911885286,10.5666210829108,9.34254389019106,-0.311140330230249,-0.851056662392976,-0.720782259315664
16.97,3.82324878874164,10.5581135372877,9.33533851666688,-0.310925629711909,-0.850451911649808,-0.72029230332721
16.98,3.82014060538939,10.5496120374186,9.32813804127927,-0.310710978282082,-0.849847511726804,-0.719802632084644
16.99,3.81703456830325,10.541116579796,9.3209424611816,-0.310496376339923,-0.849243462469935,-0.719313245421348
17,3.81393067698635,10.532627160914,9.31375177352892,-0.310281824282558,-0.848639763725207,-0.718824143170899
17.01,3.81082893093788,10.5241437772683,9.30656597547793,-0.310067322505093,-0.848036415338695,-0.718335325167061
17.02,3.80772932965308,10.515666425356,9.29938506418698,-0.30985287140062,-0.847433417156528,-0.717846791243792
17.03,3.80463187262327,10.5071951016759,9.29220903681611,-0.30963847136023,-0.846830769024866,-0.71735854123524
17.04,3.80153655933586,10.4987298027283,9.285037890527,-0.309424122773016,-0.846228470789941,-0.716870574975739
17.05,3.79844338927439,10.4902705250149,9.27787162248297,-0.309209826026085,-0.84562652229801,-0.71638289229982
17.06,3.79535236191854,10.481817265039,9.27071022984903,-0.308995581504561,-0.845024923395412,-0.715895493042194
17.07,3.79226347674415,10.4733700193056,9.26355370979181,-0.3087813895916,-0.844423673928502,-0.715408377037768
17.08,3.78917673322322,10.4649287843211,9.25640205947961,-0.308567250668393,-0.843822773743709,-0.714921544121633
17.09,3.78609213082397,10.4564935565934,9.24925527608236,-0.308353165114176,-0.843222222687503,-0.714434994129069
17.1,3.78300966901083,10.448064332632,9.24211335677165,-0.308139133306236,-0.842622020606401,-0.713948726895544
17.11,3.77992934724446,10.439641108948,9.23497629872072,-0.307925155619922,-0.84202216734699,-0.71346274225671
17.12,3.77685116498179,10.4312238820538,9.22784409910443,-0.30771123242865,-0.841422662755883,-0.712977040048409
17.13,3.773775121676,10.4228126484635,9.22071675509931,-0.307497364103914,-0.840823506679757,-0.712491620106666
17.14,3.7707012167766,10.4144074046928,9.21359426388349,-0.307283551015289,-0.840224698965342,-0.712006482267692
17.15,3.76762944972938,10.4060081472589,9.20647662263678,-0.307069793530444,-0.839626239459418,-0.711521626367884
17.16,3.76455981997649,10.3976148726803,9.1993638285406,-0.306856092015148,-0.839028128008811,-0.711037052243824
17.17,3.76149232695641,10.3892275774773,9.19225587877801,-0.306642446833275,-0.838430364460398,-0.710552759732276
17.18,3.758426970104,10.3808462581717,9.18515277053369,-0.306428858346816,-0.837832948661112,-0.71006874867019
17.19,3.75536374885052,10.3724709112868,9.17805450099396,-0.306215326915885,-0.837235880457945,-0.709585018894697
17.2,3.75230266262362,10.3641015333472,9.17096106734678,-0.306001852898725,-0.836639159697926,-0.709101570243113
17.21,3.74924371084739,10.3557381208795,9.16387246678172,-0.305788436651717,-0.836042786228134,-0.708618402552937
17.22,3.74618689294236,10.3473806704114,9.15678869648996,-0.30557507852939,-0.835446759895719,-0.708135515661847
17.23,3.74313220832551,10.3390291784723,9.14970975366434,-0.305361778884424,-0.834851080547877,-0.707652909407703
17.24,3.74007965641034,10.3306836415931,9.14263563549929,-0.30514853806766,-0.83425574803184,-0.70717058362855
17.25,3.73702923660681,10.3223440563064,9.13556633919087,-0.304935356428108,-0.833660762194907,-0.706688538162609
17.26,3.73398094832142,10.314010419146,9.12850186193675,-0.304722234312954,-0.833066122884428,-0.706206772848285
17.27,3.73093479095721,10.3056827266475,9.12144220093623,-0.304509172067568,-0.832471829947801,-0.705725287524161
17.28,3.72789076391377,10.2973609753478,9.11438735339022,-0.304296170035509,-0.831877883232473,-0.705244082029001
17.29,3.72484886658725,10.2890451617856,9.10733731650121,-0.304083228558534,-0.831284282585966,-0.704763156201744
17.3,3.72180909837041,10.2807352825009,9.10029208747335,-0.303870347976609,-0.830691027855824,-0.704282509881513
17.31,3.71877145865261,10.2724313340353,9.09325166351235,-0.303657528627909,-0.830098118889665,-0.703802142907607
17.32,3.71573594681985,10.264133312932,9.08621604182557,-0.303444770848831,-0.829505555535141,-0.703322055119503
17.33,3.71270256225475,10.2558412157355,9.07918521962195,-0.303232074973999,-0.828913337639976,-0.702842246356854
17.34,3.70967130433662,10.2475550389921,9.07215919411202,-0.303019441336273,-0.828321465051939,-0.702362716459492
17.35,3.70664217244144,10.2392747792495,9.06513796250794,-0.302806870266754,-0.827729937618854,-0.701883465267426
17.36,3.70361516594187,10.2310004330567,9.05812152202346,-0.302594362094792,-0.827138755188599,-0.701404492620838
17.37,3.70059028420731,10.2227319969647,9.05110986987391,-0.302381917147995,-0.826547917609093,-0.700925798360089
17.38,3.69756752660388,10.2144694675256,9.04410300327624,-0.302169535752233,-0.825957424728333,-0.700447382325715
17.39,3.69454689249446,10.2062128412932,9.03710091944897,-0.301957218231647,-0.825367276394349,-0.699969244358425
17.4,3.69152838123869,10.1979621148228,9.03010361561223,-0.301744964908657,-0.824777472455229,-0.699491384299105
17.41,3.68851199219299,10.1897172846713,9.02311108898774,-0.301532776103967,-0.824188012759111,-0.699013801988815
17.42,3.68549772471058,10.1814783473969,9.0161233367988,-0.301320652136575,-0.823598897154201,-0.698536497268787
17.43,3.68248557814151,10.1732452995594,9.0091403562703,-0.301108593323774,-0.823010125488746,-0.698059469980427
17.44,3.67947555183267,10.1650181377204,9.00216214462871,-0.300896599981166,-0.822421697611055,-0.697582719965315
17.45,3.67646764512777,10.1567968584425,8.99518869910209,-0.300684672422667,-0.821833613369482,-0.697106247065204
17.46,3.67346185736744,10.1485814582904,8.98822001692008,-0.30047281096051,-0.821245872612445,-0.696630051122016
17.47,3.67045818788914,10.1403719338297,8.98125609531391,-0.300261015905257,-0.820658475188406,-0.69615413197785
17.48,3.66745663602729,10.1321682816281,8.97429693151637,-0.300049287565804,-0.820071420945881,-0.695678489474972
17.49,3.66445720111317,10.1239704982543,8.96734252276183,-0.299837626249385,-0.819484709733463,-0.695203123455821
17.5,3.66145988247504,10.115778580279,8.96039286628624,-0.299626032261586,-0.818898341399773,-0.694728033763006
17.51,3.6584646794381,10.1075925242739,8.95344795932713,-0.299414505906342,-0.8183123157935,-0.694253220239307
17.52,3.65547159132452,10.0994123268128,8.94650779912359,-0.299203047485954,-0.817726632763367,-0.693778682727675
17.53,3.65248061745344,10.0912379844704,8.93957238291628,-0.298991657301088,-0.817141292158183,-0.693304421071227
17.54,3.64949175714102,10.0830694938234,8.93264170794743,-0.298780335650786,-0.816556293826796,-0.692830435113253
17.55,3.64650500970043,10.0749068514497,8.92571577146085,-0.29856908283247,-0.815971637618106,-0.692356724697208
17.56,3.64352037444188,10.0667500539289,8.91879457070189,-0.298357899141951,-0.815387323381068,-0.69188328966672
17.57,3.64053785067262,10.0585990978421,8.91187810291748,-0.298146784873434,-0.814803350964697,-0.69141012986558
17.58,3.63755743769696,10.0504539797717,8.9049663653561,-0.297935740319528,-0.814219720218072,-0.69093724513775
17.59,3.63457913481633,10.0423146963018,8.89805935526781,-0.297724765771246,-0.813636430990301,-0.690464635327359
17.6,3.6316029413292,10.034181244018,8.8911570699042,-0.297513861518018,-0.813053483130568,-0.689992300278701
17.61,3.62862885653121,10.0260536195074,8.88425950651843,-0.297303027847694,-0.812470876488107,-0.689520239836239
17.62,3.62565687971508,10.0179318193586,8.87736666236523,-0.297092265046553,-0.811888610912211,-0.689048453844599
17.63,3.62268701017072,10.0098158401615,8.87047853470085,-0.296881573399306,-0.811306686252218,-0.688576942148576
17.64,3.61971924718516,10.001705678508,8.86359512078311,-0.296670953189107,-0.810725102357529,-0.688105704593128
17.65,3.61675359004264,9.99360133099091,8.85671641787139,-0.296460404697556,-0.810143859077595,-0.68763474102338
17.66,3.61379003802457,9.98550279420499,8.8498424232266,-0.296249928204706,-0.809562956261943,-0.687164051284619
17.67,3.61082859040958,9.97741006474633,8.8429731341112,-0.296039523989071,-0.808982393760124,-0.6866936352223
17.68,3.6078692464735,9.96932313921253,8.8361085477892,-0.295829192327631,-0.808402171421767,-0.686223492682038
17.69,3.60491200548943,9.96124201420271,8.82924866152615,-0.295618933495838,-0.807822289096547,-0.685753623509614
17.7,3.60195686672771,9.95316668631749,8.82239347258914,-0.295408747767624,-0.807242746634205,-0.685284027550971
17.71,3.59900382945593,9.945097152159,8.8155429782468,-0.295198635415406,-0.806663543884529,-0.684814704652215
17.72,3.596052892939,9.93703340833086,8.8086971757693,-0.294988596710093,-0.806084680697356,-0.684345654659617
17.73,3.59310405643909,9.9289754514382,8.80185606242835,-0.294778631921091,-0.805506156922588,-0.683876877419606
17.74,3.5901573192157,9.92092327808764,8.79501963549719,-0.294568741316312,-0.804927972410193,-0.683408372778774
17.75,3.58721268052567,9.91287688488732,8.78818789225059,-0.294358925162175,-0.804350127010184,-0.682940140583877
17.76,3.58427013962317,9.90483626844685,8.78136082996485,-0.29414918372362,-0.803772620572624,-0.682472180681829
17.77,3.58132969575973,9.89680142537736,8.77453844591782,-0.293939517264106,-0.803195452947652,-0.682004492919705
17.78,3.57839134818425,9.88877235229148,8.76772073738886,-0.293729926045623,-0.802618623985441,-0.681537077144742
17.79,3.57545509614302,9.88074904580333,8.76090770165885,-0.293520410328696,-0.802042133536233,-0.681069933204336
17.8,3.57252093887974,9.87273150252853,8.75409933601022,-0.29331097037239,-0.801465981450323,-0.680603060946043
17.81,3.56958887563551,9.8647197190842,8.74729563772691,-0.293101606434318,-0.800890167578067,-0.680136460217576
17.82,3.56665890564888,9.85671369208894,8.74049660409437,-0.292892318770646,-0.800314691769871,-0.679670130866811
17.83,3.56373102815582,9.84871341816286,8.73370223239959,-0.292683107636099,-0.799739553876202,-0.679204072741779
17.84,3.5608052423898,9.84071889392758,8.72691251993107,-0.292473973283968,-0.799164753747581,-0.678738285690671
17.85,3.55788154758171,9.83273011600618,8.72012746397883,-0.292264915966116,-0.798590291234595,-0.678272769561835
17.86,3.55495994295998,9.82474708102326,8.71334706183441,-0.292055935932981,-0.798016166187871,-0.677807524203778
17.87,3.55204042775052,9.8167697856049,8.70657131079084,-0.291847033433586,-0.797442378458107,-0.677342549465163
17.88,3.54912300117675,9.80879822637867,8.6998002081427,-0.291638208715542,-0.796868927896054,-0.676877845194808
17.89,3.54620766245963,9.80083239997366,8.69303375118605,-0.291429462025057,-0.79629581435252,-0.676413411241692
17.9,3.54329441081767,9.79287230302042,8.68627193721848,-0.291220793606937,-0.795723037678363,-0.675949247454946
17.91,3.54038324546692,9.784917932151,8.67951476353908,-0.291012203704597,-0.795150597724512,-0.675485353683858
17.92,3.53747416562103,9.77696928399894,8.67276222744844,-0.290803692560064,-0.794578494341931,-0.675021729777875
17.93,3.53456717049121,9.76902635519929,8.66601432624866,-0.290595260413982,-0.794006727381677,-0.674558375586592
17.94,3.53166225928629,9.76108914238855,8.65927105724334,-0.290386907505622,-0.793435296694832,-0.674095290959766
17.95,3.52875943121271,9.75315764220475,8.6525324177376,-0.290178634072882,-0.792864202132547,-0.673632475747303
17.96,3.52585868547452,9.74523185128738,8.64579840503804,-0.289970440352296,-0.792293443546028,-0.673169929799267
17.97,3.52296002127344,9.73731176627742,8.63906901645275,-0.289762326579043,-0.791723020786542,-0.672707652965873
17.98,3.52006343780882,9.72939738381736,8.63234424929136,-0.289554292986944,-0.791152933705412,-0.672245645097492
17.99,3.5171689342777,9.72148870055115,8.62562410086494,-0.289346339808476,-0.79058318215401,-0.671783906044647
18,3.51427650987478,9.71358571312424,8.61890856848609,-0.289138467274773,-0.790013765983792,-0.671322435658011
18.01,3.51138616379247,9.70568841818356,8.61219764946889,-0.288930675615633,-0.789444685046237,-0.670861233788415
18.02,3.50849789522089,9.69779681237752,8.60549134112893,-0.288722965059524,-0.788875939192912,-0.670400300286837
18.03,3.50561170334788,9.68991089235603,8.59878964078325,-0.288515335833591,-0.788307528275415,-0.669939635004411
18.04,3.502727587359,9.68203065477048,8.59209254575042,-0.288307788163656,-0.787739452145422,-0.669479237792419
18.05,3.49984554643758,9.67415609627372,8.58540005335047,-0.28810032227423,-0.787171710654653,-0.669019108502297
18.06,3.4969655797647,9.66628721352011,8.57871216090493,-0.287892938388516,-0.786604303654896,-0.668559246985629
18.07,3.49408768651921,9.65842400316548,8.5720288657368,-0.287685636728411,-0.786037230997989,-0.668099653094153
18.08,3.49121186587776,9.65056646186714,8.56535016517057,-0.28747841751452,-0.785470492535836,-0.667640326679753
18.09,3.4883381170148,9.64271458628388,8.55867605653221,-0.287271280966152,-0.784904088120397,-0.667181267594467
18.1,3.48546643910257,9.63486837307599,8.55200653714916,-0.287064227301331,-0.784338017603686,-0.666722475690479
18.11,3.48259683131117,9.62702781890521,8.54534160435035,-0.286857256736802,-0.783772280837782,-0.666263950820125
18.12,3.47972929280852,9.61919292043477,8.53868125546619,-0.28665036948803,-0.783206877674799,-0.665805692835889
18.13,3.4768638227604,9.61136367432939,8.53202548782854,-0.286443565769216,-0.782641807966947,-0.665347701590402
18.14,3.47400042033043,9.60354007725526,8.52537429877076,-0.28623684579329,-0.782077071566469,-0.664889976936446
18.15,3.47113908468014,9.59572212588003,8.51872768562766,-0.286030209771928,-0.781512668325674,-0.664432518726949
18.16,3.46827981496893,9.58790981687286,8.51208564573554,-0.285823657915548,-0.780948598096921,-0.663975326814987
18.17,3.46542261035411,9.58010314690435,8.50544817643215,-0.28561719043332,-0.780384860732637,-0.663518401053784
18.18,3.4625674699909,9.57230211264661,8.49881527505672,-0.285410807533173,-0.779821456085299,-0.663061741296711
18.19,3.45971439303245,9.5645067107732,8.49218693894993,-0.285204509421794,-0.779258384007449,-0.662605347397285
18.2,3.45686337862985,9.55671693795916,8.48556316545396,-0.284998296304639,-0.77869564435169,-0.66214921920917
18.21,3.45401442593214,9.54893279088102,8.4789439519124,-0.284792168385936,-0.778133236970677,-0.661693356586175
18.22,3.45116753408631,9.54115426621676,8.47232929567034,-0.28458612586869,-0.777571161717124,-0.661237759382256
18.23,3.44832270223736,9.53338136064584,8.46571919407432,-0.284380168954689,-0.777009418443805,-0.660782427451514
18.24,3.44547992952824,9.52561407084921,8.45911364447233,-0.284174297844508,-0.776448007003556,-0.660327360648196
18.25,3.44263921509992,9.51785239350925,8.45251264421383,-0.283968512737515,-0.775886927249263,-0.659872558826692
18.26,3.4398005580914,9.51009632530986,8.44591619064973,-0.283762813831876,-0.775326179033875,-0.659418021841538
18.27,3.43696395763966,9.50234586293637,8.43932428113239,-0.283557201324559,-0.774765762210404,-0.658963749547415
18.28,3.43412941287975,9.49460100307561,8.43273691301563,-0.283351675411342,-0.774205676631916,-0.658509741799145
18.29,3.43129692294476,9.48686174241586,8.4261540836547,-0.283146236286814,-0.773645922151535,-0.658055998451697
18.3,3.42846648696583,9.47912807764687,8.41957579040634,-0.282940884144384,-0.773086498622459,-0.65760251936018
18.31,3.4256381040722,9.47140000545986,8.41300203062869,-0.282735619176283,-0.772527405897914,-0.65714930437985
18.32,3.42281177339116,9.46367752254753,8.40643280168138,-0.282530441573571,-0.771968643831212,-0.656696353366102
18.33,3.4199874940481,9.45596062560403,8.39986810092545,-0.282325351526139,-0.771410212275712,-0.656243666174476
18.34,3.41716526516655,9.44824931132498,8.39330792572341,-0.282120349222719,-0.770852111084836,-0.655791242660652
18.35,3.41434508586812,9.44054357640746,8.3867522734392,-0.281915434850884,-0.770294340112057,-0.655339082680455
18.36,3.41152695527257,9.43284341755004,8.38020114143821,-0.281710608597055,-0.769736899210915,-0.654887186089849
18.37,3.40871087249779,9.42514883145272,8.37365452708725,-0.281505870646507,-0.769179788235013,-0.654435552744938
18.38,3.40589683665983,9.41745981481699,8.3671124277546,-0.281301221183372,-0.768623007037996,-0.653984182501971
18.39,3.40308484687291,9.40977636434579,8.36057484080994,-0.281096660390644,-0.768066555473589,-0.653533075217335
18.4,3.40027490224942,9.40209847674353,8.35404176362441,-0.280892188450185,-0.767510433395558,-0.653082230747557
18.41,3.39746700189992,9.39442614871607,8.34751319357058,-0.280687805542729,-0.766954640657746,-0.652631648949306
18.42,3.39466114493321,9.38675937697075,8.34098912802244,-0.280483511847887,-0.766399177114043,-0.652181329679389
18.43,3.39185733045625,9.37909815821634,8.33446956435544,-0.280279307544153,-0.765844042618392,-0.651731272794754
18.44,3.38905555757426,9.37144248916312,8.32795449994643,-0.280075192808905,-0.765289237024812,-0.651281478152486
18.45,3.38625582539067,9.36379236652277,8.3214439321737,-0.279871167818415,-0.764734760187371,-0.650831945609812
18.46,3.38345813300716,9.35614778700848,8.31493785841697,-0.279667232747848,-0.764180611960195,-0.650382675024096
18.47,3.38066247952366,9.34850874733486,8.30843627605738,-0.279463387771274,-0.763626792197472,-0.64993366625284
18.48,3.37786886403837,9.34087524421801,8.3019391824775,-0.279259633061664,-0.763073300753445,-0.649484919153685
18.49,3.37507728564777,9.33324727437547,8.29544657506132,-0.279055968790901,-0.762520137482435,-0.649036433584408
18.5,3.37228774344661,9.32562483452623,8.28895845119425,-0.278852395129785,-0.761967302238798,-0.648588209402926
18.51,3.36950023652796,9.31800792139075,8.28247480826311,-0.27864891224803,-0.761414794876964,-0.648140246467291
18.52,3.36671476398317,9.31039653169095,8.27599564365617,-0.278445520314279,-0.760862615251412,-0.647692544635694
18.53,3.36393132490194,9.30279066215018,8.26952095476309,-0.278242219496102,-0.760310763216689,-0.647245103766461
18.54,3.36114991837227,9.29519030949326,8.26305073897494,-0.278039009960001,-0.759759238627396,-0.646797923718055
18.55,3.35837054348052,9.28759547044648,8.25658499368424,-0.277835891871417,-0.759208041338209,-0.646351004349075
18.56,3.3555931993114,9.28000614173755,8.25012371628489,-0.277632865394735,-0.758657171203836,-0.645904345518256
18.57,3.35281788494797,9.27242232009565,8.24366690417222,-0.277429930693283,-0.758106628079062,-0.645457947084468
18.58,3.35004459947167,9.26484400225142,8.23721455474295,-0.277227087929342,-0.757556411818725,-0.645011808906718
18.59,3.34727334196233,9.25727118493694,8.23076666539524,-0.27702433726415,-0.757006522277738,-0.644565930844146
18.6,3.34450411149815,9.24970386488573,8.22432323352864,-0.276821678857905,-0.756456959311048,-0.644120312756027
18.61,3.34173690715576,9.24214203883279,8.2178842565441,-0.276619112869768,-0.755907722773682,-0.64367495450177
18.62,3.33897172801018,9.23458570351454,8.21144973184398,-0.27641663945787,-0.755358812520724,-0.643229855940921
18.63,3.33620857313487,9.22703485566887,8.20501965683206,-0.276214258779318,-0.7548102284073,-0.642785016933157
18.64,3.33344744160172,9.2194894920351,8.1985940289135,-0.276011970990195,-0.754261970288606,-0.64234043733829
18.65,3.33068833248106,9.21194960935401,8.19217284549488,-0.275809776245565,-0.753714038019927,-0.641896117016263
18.66,3.32793124484167,9.20441520436783,8.18575610398416,-0.275607674699482,-0.753166431456548,-0.641452055827156
18.67,3.32517617775081,9.19688627382022,8.17934380179072,-0.275405666504988,-0.752619150453866,-0.64100825363118
18.68,3.32242313027421,9.18936281445631,8.17293593632532,-0.275203751814124,-0.752072194867313,-0.640564710288676
18.69,3.31967210147608,9.18184482302265,8.16653250500012,-0.275001930777927,-0.751525564552385,-0.640121425660121
18.7,3.31692309041911,9.17433229626726,8.16013350522869,-0.274800203546442,-0.750979259364642,-0.639678399606122
18.71,3.31417609616453,9.16682523093958,8.15373893442596,-0.27459857026872,-0.75043327915969,-0.63923563198742
18.72,3.31143111777205,9.15932362379051,8.14734879000829,-0.274397031092825,-0.74988762379321,-0.638793122664884
18.73,3.30868815429993,9.15182747157238,8.14096306939341,-0.274195586165838,-0.749342293120944,-0.638350871499516
18.74,3.30594720480494,9.14433677103898,8.13458177000043,-0.273994235633861,-0.748797286998673,-0.637908878352451
18.75,3.30320826834242,9.13685151894552,8.12820488924988,-0.273792979642024,-0.748252605282263,-0.63746714308495
18.76,3.30047134396624,9.12937171204868,8.12183242456364,-0.273591818334481,-0.747708247827622,-0.637025665558408
18.77,3.29773643072884,9.12189734710654,8.115464373365,-0.273390751854427,-0.747164214490722,-0.636584445634349
18.78,3.29500352768125,9.11442842087867,8.10910073307863,-0.273189780344089,-0.746620505127607,-0.636143483174428
18.79,3.29227263387306,9.10696493012603,8.10274150113058,-0.272988903944738,-0.746077119594361,-0.635702778040428
18.8,3.28954374835246,9.09950687161104,8.09638667494826,-0.272788122796694,-0.745534057747144,-0.635262330094262
18.81,3.28681687016625,9.09205424209758,8.09003625196051,-0.272587437039322,-0.744991319442167,-0.634822139197971
18.82,3.28409199835982,9.08460703835094,8.0836902295975,-0.272386846811047,-0.744448904535698,-0.634382205213729
18.83,3.28136913197721,9.07716525713784,8.07734860529081,-0.27218635224935,-0.743906812884073,-0.633942528003833
18.84,3.27864827006106,9.06972889522647,8.07101137647338,-0.271985953490774,-0.74336504434369,-0.633503107430712
18.85,3.27592941165267,9.06229794938642,8.06467854057952,-0.271785650670929,-0.742823598770991,-0.633063943356923
18.86,3.27321255579197,9.05487241638874,8.05835009504494,-0.271585443924498,-0.742282476022502,-0.632625035645147
18.87,3.27049770151758,9.04745229300591,8.05202603730669,-0.271385333385237,-0.741741675954779,-0.632186384158198
18.88,3.26778484786675,9.04003757601183,8.04570636480322,-0.27118531918598,-0.741201198424457,-0.631747988759015
18.89,3.26507399387542,9.03262826218184,8.03939107497432,-0.270985401458646,-0.740661043288236,-0.631309849310663
18.9,3.26236513857824,9.02522434829273,8.03308016526118,-0.270785580334238,-0.74012121040286,-0.630871965676334
18.91,3.25965828100851,9.0178258311227,8.02677363310634,-0.270585855942854,-0.739581699625142,-0.630434337719349
18.92,3.25695342019826,9.0104327074514,8.02047147595371,-0.270386228413682,-0.739042510811956,-0.629996965303152
18.93,3.25425055517823,9.00304497405988,8.01417369124855,-0.27018669787501,-0.738503643820229,-0.629559848291315
18.94,3.25154968497789,8.99566262773066,8.00788027643752,-0.269987264454232,-0.737965098506955,-0.629122986547535
18.95,3.24885080862542,8.98828566524767,8.00159122896861,-0.269787928277845,-0.737426874729167,-0.628686379935638
18.96,3.24615392514775,8.98091408339626,7.99530654629117,-0.269588689471455,-0.736888972344003,-0.628250028319568
18.97,3.24345903357056,8.97354787896322,7.98902622585594,-0.269389548159787,-0.736351391208615,-0.627813931563402
18.98,3.24076613291828,8.96618704873677,7.98275026511499,-0.26919050446668,-0.735814131180242,-0.627378089531336
18.99,3.23807522221413,8.95883158950656,7.97647866152175,-0.268991558515098,-0.735277192116163,-0.626942502087694
19,3.23538630048007,8.95148149806366,7.97021141253102,-0.268792710427126,-0.734740573873736,-0.626507169096922
19.01,3.23269936673686,8.94413677120055,7.96394851559896,-0.268593960323985,-0.73420427631037,-0.626072090423593
19.02,3.23001442000406,8.93679740571118,7.95768996818305,-0.268395308326024,-0.733668299283534,-0.6256372659324
19.03,3.22733145930001,8.92946339839088,7.95143576774216,-0.268196754552733,-0.733132642650756,-0.625202695488164
19.04,3.22465048364189,8.92213474603642,7.94518591173649,-0.267998299122739,-0.732597306269625,-0.624768378955825
19.05,3.22197149204567,8.91481144544601,7.9389403976276,-0.267799942153816,-0.732062289997783,-0.62433431620045
19.06,3.21929448352615,8.90749349341926,7.93269922287839,-0.267601683762888,-0.731527593692951,-0.623900507087226
19.07,3.21661945709699,8.90018088675722,7.9264623849531,-0.267403524066028,-0.730993217212893,-0.623466951481464
19.08,3.21394641177066,8.89287362226234,7.92022988131735,-0.267205463178465,-0.730459160415438,-0.623033649248596
19.09,3.2112753465585,8.88557169673851,7.91400170943807,-0.267007501214591,-0.729925423158467,-0.62260060025418
19.1,3.2086062604707,8.87827510699105,7.90777786678355,-0.266809638287957,-0.729392005299932,-0.62216780436389
19.11,3.20593915251634,8.87098384982667,7.90155835082342,-0.266611874511284,-0.728858906697847,-0.621735261443528
19.12,3.20327402170336,8.86369792205352,7.89534315902864,-0.266414209996461,-0.728326127210267,-0.621302971359012
19.13,3.20061086703858,8.85641732048117,7.88913228887154,-0.266216644854552,-0.72779366669533,-0.620870933976384
19.14,3.19794968752773,8.8491420419206,7.88292573782576,-0.266019179195801,-0.727261525011225,-0.620439149161807
19.15,3.19529048217543,8.84187208318421,7.87672350336629,-0.26582181312963,-0.726729702016184,-0.620007616781565
19.16,3.19263324998521,8.83460744108582,7.87052558296945,-0.265624546764647,-0.726198197568531,-0.619576336702061
19.17,3.18997798995953,8.82734811244066,7.8643319741129,-0.265427380208651,-0.72566701152662,-0.619145308789818
19.18,3.18732470109975,8.8200940940654,7.85814267427564,-0.265230313568629,-0.725136143748887,-0.618714532911482
19.19,3.1846733824062,8.81284538277808,7.85195768093799,-0.265033346950766,-0.724605594093815,-0.618284008933815
19.2,3.18202403287812,8.8056019753982,7.84577699158161,-0.264836480460447,-0.724075362419948,-0.617853736723703
19.21,3.17937665151372,8.79836386874665,7.83960060368949,-0.264639714202258,-0.723545448585886,-0.617423716148146
19.22,3.17673123731015,8.79113105964574,7.83342851474595,-0.264443048279992,-0.723015852450302,-0.616993947074269
19.23,3.17408778926356,8.7839035449192,7.82726072223664,-0.264246482796652,-0.722486573871925,-0.61656442936931
19.24,3.17144630636903,8.77668132139215,7.82109722364853,-0.264050017854453,-0.721957612709524,-0.61613516290063
19.25,3.16880678762066,8.76946438589114,7.81493801646991,-0.263853653554828,-0.721428968821965,-0.615706147535706
19.26,3.16616923201151,8.76225273524414,7.80878309819043,-0.263657389998429,-0.720900642068134,-0.615277383142136
19.27,3.16353363853365,8.7550463662805,7.80263246630101,-0.263461227285132,-0.720372632307003,-0.614848869587633
19.28,3.16090000617817,8.74784527583102,7.79648611829393,-0.263265165514041,-0.719844939397595,-0.614420606740028
19.29,3.15826833393514,8.74064946072787,7.79034405166278,-0.263069204783489,-0.71931756319899,-0.613992594467272
19.3,3.15563862079368,8.73345891780465,7.78420626390248,-0.262873345191043,-0.718790503570334,-0.61356483263743
19.31,3.15301086574192,8.72627364389638,7.77807275250925,-0.262677586833509,-0.718263760370828,-0.613137321118688
19.32,3.15038506776704,8.71909363583946,7.77194351498064,-0.262481929806929,-0.717737333459744,-0.612710059779344
19.33,3.14776122585525,8.71191889047171,7.76581854881551,-0.262286374206594,-0.717211222696389,-0.612283048487817
19.34,3.14513933899181,8.70474940463236,7.75969785151404,-0.26209092012704,-0.71668542794015,-0.61185628711264
19.35,3.14251940616106,8.69758517516204,7.75358142057773,-0.261895567662054,-0.71615994905047,-0.611429775522463
19.36,3.13990142634638,8.69042619890279,7.74746925350938,-0.261700316904676,-0.715634785886854,-0.611003513586052
19.37,3.13728539853024,8.68327247269806,7.74136134781311,-0.261505167947203,-0.71510993830886,-0.610577501172288
19.38,3.13467132169418,8.67612399339268,7.73525770099435,-0.261310120881195,-0.714585406176096,-0.610151738150169
19.39,3.13205919481883,8.66898075783291,7.72915831055982,-0.261115175797473,-0.71406118934826,-0.609726224388806
19.4,3.12944901688393,8.6618427628664,7.72306317401759,-0.260920332786127,-0.713537287685075,-0.609300959757427
19.41,3.1268407868683,8.6547100053422,7.71697228887701,-0.260725591936516,-0.713013701046353,-0.608875944125374
19.42,3.12423450374989,8.64758248211078,7.71088565264873,-0.260530953337272,-0.712490429291942,-0.608451177362106
19.43,3.12163016650575,8.640460190024,7.70480326284471,-0.260336417076306,-0.711967472281766,-0.608026659337191
19.44,3.11902777411207,8.6333431259351,7.69872511697823,-0.260141983240808,-0.711444829875792,-0.607602389920317
19.45,3.11642732554415,8.62623128669875,7.69265121256385,-0.25994765191725,-0.710922501934068,-0.607178368981283
19.46,3.11382881977647,8.619124669171,7.68658154711745,-0.25975342319139,-0.710400488316691,-0.606754596390001
19.47,3.1112322557826,8.61202327020932,7.6805161181562,-0.25955929714828,-0.709878788883799,-0.6063310720165
19.48,3.10863763253532,8.60492708667256,7.67445492319857,-0.259365273872259,-0.709357403495626,-0.60590779573092
19.49,3.10604494900652,8.59783611542097,7.66839795976432,-0.259171353446965,-0.708836332012443,-0.605484767403512
19.5,3.10345420416729,8.59075035331619,7.66234522537454,-0.258977535955334,-0.708315574294577,-0.605061986904644
19.51,3.10086539698788,8.58366979722128,7.65629671755157,-0.258783821479605,-0.707795130202423,-0.604639454104796
19.52,3.09827852643772,8.57659444400068,7.65025243381907,-0.258590210101321,-0.707274999596431,-0.604217168874558
19.53,3.09569359148545,8.56952429052022,7.644212371702,-0.258396701901335,-0.706755182337118,-0.603795131084634
19.54,3.09311059109888,8.56245933364714,7.63817652872659,-0.258203296959809,-0.706235678285053,-0.603373340605841
19.55,3.09052952424502,8.55539957025005,7.63214490242038,-0.258009995356223,-0.705716487300864,-0.602951797309105
19.56,3.0879503898901,8.54834499719898,7.6261174903122,-0.25781679716937,-0.705197609245247,-0.602530501065466
19.57,3.08537318699958,8.54129561136534,7.62009428993216,-0.257623702477368,-0.704679043978941,-0.602109451746075
19.58,3.08279791453811,8.53425140962194,7.61407529881165,-0.257430711357656,-0.704160791362763,-0.601688649222194
19.59,3.08022457146958,8.52721238884296,7.60806051448337,-0.257237823887,-0.703642851257568,-0.601268093365197
19.6,3.07765315675714,8.52017854590399,7.60204993448129,-0.257045040141498,-0.703125223524297,-0.600847784046567
19.61,3.07508366936315,8.51314987768202,7.59604355634066,-0.256852360196576,-0.702607908023925,-0.600427721137898
19.62,3.07251610824923,8.5061263810554,7.59004137759804,-0.256659784127,-0.702090904617498,-0.600007904510896
19.63,3.06995047237627,8.4991080529039,7.58404339579124,-0.256467312006873,-0.701574213166126,-0.599588334037375
19.64,3.06738676070439,8.49209489010866,7.57804960845936,-0.25627494390964,-0.701057833530964,-0.599169009589262
19.65,3.06482497219302,8.4850868895522,7.5720600131428,-0.256082679908091,-0.700541765573238,-0.59874993103859
19.66,3.06226510580083,8.47808404811846,7.56607460738322,-0.255890520074361,-0.700026009154231,-0.598331098257504
19.67,3.05970716048578,8.47108636269273,7.56009338872356,-0.255698464479939,-0.69951056413528,-0.597912511118258
19.68,3.05715113520515,8.46409383016171,7.55411635470804,-0.255506513195665,-0.698995430377786,-0.597494169493215
19.69,3.05459702891546,8.45710644741349,7.54814350288216,-0.255314666291736,-0.698480607743202,-0.597076073254848
19.7,3.05204484057258,8.45012421133751,7.54217483079268,-0.255122923837709,-0.697966096093054,-0.596658222275736
19.71,3.04949456913165,8.44314711882464,7.53621033598765,-0.254931285902502,-0.697451895288908,-0.59624061642857
19.72,3.04694621354716,8.4361751667671,7.53025001601638,-0.254739752554397,-0.696938005192401,-0.595823255586147
19.73,3.04439977277289,8.42920835205852,7.52429386842947,-0.254548323861048,-0.696424425665232,-0.595406139621374
19.74,3.04185524576197,8.42224667159388,7.51834189077877,-0.254356999889473,-0.69591115656915,-0.594989268407263
19.75,3.03931263146684,8.41529012226957,7.51239408061741,-0.25416578070607,-0.695398197765969,-0.594572641816936
19.76,3.03677192883929,8.40833870098336,7.50645043549979,-0.25397466637661,-0.694885549117553,-0.594156259723623
19.77,3.03423313683047,8.40139240463438,7.50051095298156,-0.253783656966243,-0.694373210485836,-0.593740122000661
19.78,3.03169625439085,8.39445123012316,7.49457563061966,-0.253592752539503,-0.693861181732806,-0.593324228521493
19.79,3.0291612804703,8.38751517435161,7.48864446597228,-0.253401953160306,-0.693349462720505,-0.59290857915967
19.8,3.026628214018,8.380584234223,7.48271745659888,-0.253211258891957,-0.692838053311048,-0.59249317378885
19.81,3.02409705398255,8.373658406642,7.47679460006018,-0.253020669797152,-0.692326953366584,-0.592078012282796
19.82,3.02156779931189,8.36673768851465,7.47087589391817,-0.252830185937979,-0.691816162749347,-0.591663094515379
19.83,3.01904044895338,8.35982207674836,7.46496133573607,-0.252639807375922,-0.691305681321617,-0.591248420360577
19.84,3.01651500185372,8.35291156825193,7.45905092307841,-0.252449534171864,-0.690795508945729,-0.59083398969247
19.85,3.01399145695905,8.34600615993553,7.45314465351094,-0.252259366386088,-0.690285645484082,-0.59041980238525
19.86,3.01146981321488,8.33910584871071,7.44724252460068,-0.252069304078283,-0.689776090799139,-0.590005858313208
19.87,3.00895006956613,8.33221063149038,7.4413445339159,-0.251879347307543,-0.689266844753409,-0.589592157350745
19.88,3.00643222495715,8.32532050518885,7.43545067902614,-0.251689496132372,-0.688757907209461,-0.589178699372366
19.89,3.0039162783317,8.31843546672178,7.42956095750219,-0.251499750610686,-0.688249278029938,-0.58876548425268
19.9,3.00140222863295,8.31155551300621,7.42367536691608,-0.251310110799817,-0.68774095707752,-0.588352511866402
19.91,2.9988900748035,8.30468064096056,7.4177939048411,-0.251120576756511,-0.687232944214966,-0.587939782088352
19.92,2.99637981578542,8.29781084750462,7.4119165688518,-0.250931148536938,-0.686725239305074,-0.587527294793453
19.93,2.99387145052017,8.29094612955955,7.40604335652397,-0.250741826196688,-0.686217842210722,-0.587115049856732
19.94,2.9913649779487,8.28408648404789,7.40017426543466,-0.250552609790779,-0.685710752794819,-0.586703047153323
19.95,2.98886039701139,8.27723190789352,7.39430929316214,-0.250363499373652,-0.685203970920363,-0.586291286558461
19.96,2.98635770664809,8.27038239802172,7.38844843728597,-0.250174494999185,-0.684697496450381,-0.585879767947486
19.97,2.9838569057981,8.26353795135914,7.38259169538692,-0.249985596720685,-0.684191329247979,-0.585468491195842
19.98,2.98135799340019,8.25669856483378,7.37673906504703,-0.249796804590895,-0.683685469176311,-0.585057456179073
19.99,2.97886096839263,8.24986423537502,7.37089054384956,-0.249608118661997,-0.683179916098591,-0.584646662772831
20,2.97636582971315,8.2430349599136,7.36504612937903,-0.249419538985615,-0.6826746698781,-0.584236110852867
20.01,2.97387257629897,8.23621073538164,7.3592058192212,-0.249231065612815,-0.682169730378153,-0.583825800295038
20.02,2.9713812070868,8.22939155871262,7.35336961096307,-0.249042698594109,-0.681665097462153,-0.583415730975301
20.03,2.96889172101285,8.22257742684137,7.34753750219287,-0.248854437979458,-0.681160770993541,-0.583005902769717
20.04,2.96640411701283,8.21576833670411,7.34170949050009,-0.248666283818273,-0.68065675083583,-0.582596315554447
20.05,2.96391839402198,8.20896428523842,7.33588557347544,-0.248478236159421,-0.680153036852577,-0.582186969205756
20.06,2.96143455097501,8.20216526938322,7.33006574871087,-0.248290295051223,-0.679649628907407,-0.581777863600012
20.07,2.9589525868062,8.19537128607882,7.32425001379957,-0.24810246054146,-0.679146526863994,-0.581368998613681
20.08,2.95647250044931,8.18858233226689,7.31843836633595,-0.247914732677371,-0.678643730586073,-0.580960374123333
20.09,2.95399429083767,8.18179840489046,7.31263080391569,-0.247727111505663,-0.678141239937445,-0.58055199000564
20.1,2.95151795690411,8.1750195008939,7.30682732413567,-0.247539597072506,-0.677639054781951,-0.580143846137373
20.11,2.94904349758102,8.16824561722298,7.301027924594,-0.247352189423539,-0.677137174983516,-0.579735942395405
20.12,2.94657091180035,8.16147675082479,7.29523260289004,-0.247164888603871,-0.676635600406101,-0.579328278656709
20.13,2.94410019849357,8.15471289864782,7.28944135662438,-0.246977694658087,-0.676134330913732,-0.578920854798359
20.14,2.94163135659172,8.1479540576419,7.28365418339882,-0.246790607630247,-0.675633366370486,-0.578513670697531
20.15,2.93916438502541,8.1412002247582,7.2778710808164,-0.246603627563885,-0.675132706640517,-0.578106726231497
20.16,2.93669928272482,8.13445139694928,7.27209204648139,-0.246416754502022,-0.674632351588013,-0.577700021277635
20.17,2.93423604861967,8.12770757116905,7.26631707799927,-0.246229988487158,-0.674132301077234,-0.577293555713417
20.18,2.93177468163931,8.12096874437275,7.26054617297677,-0.246043329561278,-0.673632554972487,-0.576887329416418
20.19,2.92931518071262,8.11423491351703,7.25477932902181,-0.245856777765858,-0.673133113138142,-0.576481342264312
20.2,2.9268575447681,8.10750607555984,7.24901654374357,-0.245670333141861,-0.672633975438639,-0.576075594134872
20.21,2.92440177273384,8.10078222746051,7.24325781475243,-0.245483995729743,-0.672135141738456,-0.575670084905969
20.22,2.92194786353752,8.09406336617974,7.23750313965998,-0.245297765569456,-0.671636611902128,-0.575264814455575
20.23,2.91949581610641,8.08734948867956,7.23175251607906,-0.245111642700449,-0.671138385794267,-0.57485978266176
20.24,2.91704562936743,8.08064059192337,7.22600594162372,-0.24492562716167,-0.670640463279527,-0.574454989402692
20.25,2.91459730224707,8.07393667287591,7.2202634139092,-0.244739718991567,-0.670142844222623,-0.574050434556638
20.26,2.91215083367145,8.06723772850328,7.21452493055199,-0.244553918228096,-0.669645528488325,-0.573646118001963
20.27,2.90970622256634,8.06054375577292,7.20879048916978,-0.244368224908716,-0.669148515941459,-0.57324203961713
20.28,2.90726346785709,8.05385475165365,7.20306008738148,-0.244182639070396,-0.66865180644692,-0.572838199280701
20.29,2.90482256846872,8.04717071311561,7.19733372280721,-0.243997160749617,-0.668155399869645,-0.572434596871332
20.3,2.90238352332588,8.04049163713031,7.1916113930683,-0.243811789982372,-0.667659296074629,-0.572031232267783
20.31,2.89994633135284,8.0338175206706,7.18589309578732,-0.243626526804169,-0.667163494926935,-0.571628105348906
20.32,2.89751099147356,8.02714836071068,7.18017882858801,-0.243441371250035,-0.66666799629168,-0.571225215993651
20.33,2.89507750261161,8.02048415422611,7.17446858909533,-0.243256323354516,-0.666172800034024,-0.570822564081067
20.34,2.89264586369024,8.01382489819378,7.16876237493548,-0.243071383151681,-0.665677906019206,-0.570420149490299
20.35,2.89021607363235,8.00717058959193,7.16306018373583,-0.242886550675124,-0.665183314112505,-0.570017972100588
20.36,2.88778813136053,8.00052122540017,7.15736201312498,-0.242701825957964,-0.664689024179261,-0.569616031791272
20.37,2.88536203579701,7.99387680259942,7.15166786073272,-0.24251720903285,-0.664195036084877,-0.569214328441785
20.38,2.8829377858637,7.98723731817198,7.14597772419006,-0.242332699931962,-0.663701349694808,-0.568812861931658
20.39,2.88051538048223,7.98060276910148,7.14029160112921,-0.242148298687013,-0.66320796487456,-0.568411632140517
20.4,2.87809481857385,7.97397315237288,7.13460948918357,-0.241964005329253,-0.662714881489701,-0.568010638948085
20.41,2.87567609905956,7.96734846497251,7.12893138598777,-0.241779819889467,-0.662222099405861,-0.56760988223418
20.42,2.87325922086003,7.96072870388803,7.12325728917762,-0.241595742397981,-0.661729618488719,-0.567209361878715
20.43,2.87084418289561,7.95411386610845,7.11758719639013,-0.241411772884664,-0.661237438604007,-0.566809077761699
20.44,2.86843098408639,7.94750394862411,7.11192110526351,-0.241227911378928,-0.660745559617526,-0.566409029763236
20.45,2.86601962335213,7.9408989484267,7.10625901343718,-0.241044157909732,-0.660253981395125,-0.566009217763525
20.46,2.86361009961235,7.93429886250925,7.10060091855176,-0.240860512505582,-0.659762703802709,-0.565609641642859
20.47,2.86120241178624,7.92770368786614,7.09494681824904,-0.240676975194535,-0.659271726706245,-0.565210301281628
20.48,2.85879655879274,7.92111342149307,7.08929671017204,-0.240493546004203,-0.658781049971747,-0.564811196560315
20.49,2.85639253955051,7.9145280603871,7.08365059196494,-0.240310224961748,-0.658290673465295,-0.564412327359495
20.5,2.85399035297793,7.90794760154661,7.07800846127315,-0.240127012093894,-0.657800597053017,-0.564013693559842
20.51,2.85158999799313,7.90137204197134,7.07237031574323,-0.23994390742692,-0.657310820601105,-0.56361529504212
20.52,2.84919147351397,7.89480137866234,7.06673615302298,-0.239760910986667,-0.6568213439758,-0.563217131687189
20.53,2.84679477845805,7.88823560862202,7.06110597076136,-0.239578022798541,-0.656332167043402,-0.562819203376001
20.54,2.84439991174274,7.88167472885413,7.05547976660852,-0.239395242887511,-0.655843289670268,-0.562421509989604
20.55,2.84200687228514,7.87511873636373,7.04985753821582,-0.239212571278112,-0.655354711722812,-0.562024051409136
20.56,2.83961565900211,7.86856762815725,7.04423928323578,-0.239030007994452,-0.654866433067501,-0.561626827515831
20.57,2.83722627081029,7.86202140124242,7.03862499932212,-0.238847553060207,-0.65437845357086,-0.561229838191015
20.58,2.83483870662605,7.85548005262833,7.03301468412976,-0.238665206498627,-0.653890773099467,-0.560833083316106
20.59,2.83245296536556,7.84894357932539,7.02740833531479,-0.238482968332539,-0.653403391519957,-0.560436562772617
20.6,2.83006904594475,7.84241197834535,7.02180595053449,-0.238300838584344,-0.652916308699023,-0.560040276442151
20.61,2.82768694727934,7.83588524670129,7.01620752744731,-0.238118817276026,-0.65242952450341,-0.559644224206404
20.62,2.82530666828481,7.82936338140763,7.0106130637129,-0.237936904429147,-0.651943038799924,-0.559248405947166
20.63,2.82292820787646,7.82284637948011,7.00502255699209,-0.237755100064855,-0.651456851455418,-0.558852821546316
20.64,2.82055156496935,7.81633423793581,6.99943600494687,-0.237573404203882,-0.650970962336808,-0.558457470885828
20.65,2.81817673847835,7.80982695379313,6.99385340524045,-0.237391816866545,-0.650485371311065,-0.558062353847766
20.66,2.81580372731812,7.80332452407181,6.98827475553718,-0.237210338072755,-0.650000078245211,-0.557667470314285
20.67,2.81343253040313,7.79682694579292,6.9827000535026,-0.237028967842009,-0.649515083006327,-0.557272820167634
20.68,2.81106314664765,7.79033421597885,6.97712929680343,-0.236847706193402,-0.64903038546155,-0.556878403290149
20.69,2.80869557496578,7.78384633165333,6.97156248310758,-0.23666655314562,-0.64854598547807,-0.556484219564261
20.7,2.80632981427141,7.77736328984141,6.96599961008411,-0.236485508716948,-0.648061882923135,-0.556090268872491
20.71,2.80396586347826,7.77088508756946,6.96044067540327,-0.236304572925269,-0.647578077664041,-0.55569655109745
20.72,2.80160372149988,7.7644117218652,6.95488567673647,-0.236123745788066,-0.647094569568152,-0.555303066121839
20.73,2.79924338724963,7.75794318975765,6.94933461175631,-0.235943027322428,-0.646611358502873,-0.554909813828451
20.74,2.79688485964072,7.75147948827717,6.94378747813655,-0.235762417545045,-0.646128444335677,-0.554516794100168
20.75,2.79452813758619,7.74502061445544,6.93824427355212,-0.235581916472215,-0.645645826934078,-0.554124006819965
20.76,2.7921732199989,7.73856656532548,6.93270499567914,-0.235401524119845,-0.645163506165654,-0.553731451870903
20.77,2.78982010579159,7.73211733792161,6.92716964219486,-0.23522124050345,-0.644681481898042,-0.553339129136134
20.78,2.78746879387681,7.72567292927948,6.92163821077774,-0.235041065638158,-0.644199753998929,-0.552947038498902
20.79,2.78511928316699,7.71923333643607,6.91611069910737,-0.234860999538713,-0.643718322336047,-0.552555179842539
20.8,2.78277157257438,7.71279855642969,6.91058710486454,-0.234681042219472,-0.643237186777204,-0.552163553050464
20.81,2.78042566101112,7.70636858629995,6.90506742573118,-0.234501193694412,-0.642756347190242,-0.55177215800619
20.82,2.77808154738921,7.69994342308779,6.8995516593904,-0.234321453977126,-0.642275803443069,-0.551380994593315
20.83,2.77573923062049,7.69352306383549,6.89403980352646,-0.234141823080833,-0.641795555403649,-0.550990062695528
20.84,2.7733987096167,7.68710750558661,6.8885318558248,-0.233962301018371,-0.641315602939994,-0.550599362196606
20.85,2.77105998328943,7.68069674538607,6.883027813972,-0.233782887802205,-0.640835945920174,-0.550208892980414
20.86,2.76872305055017,7.67429078028009,6.87752767565582,-0.233603583444427,-0.64035658421231,-0.549818654930908
20.87,2.76638791031026,7.6678896073162,6.87203143856517,-0.233424387956755,-0.639877517684584,-0.54942864793213
20.88,2.76405456148096,7.66149322354326,6.86653910039012,-0.233245301350542,-0.639398746205224,-0.549038871868209
20.89,2.76172300297339,7.65510162601146,6.86105065882191,-0.233066323636767,-0.638920269642526,-0.548649326623366
20.9,2.75939323369858,7.64871481177228,6.85556611155292,-0.232887454826049,-0.63844208786482,-0.548260012081906
20.91,2.75706525256745,7.64233277787853,6.85008545627669,-0.232708694928638,-0.637964200740515,-0.547870928128224
20.92,2.75473905849081,7.63595552138433,6.84460869068792,-0.232530043954424,-0.637486608138049,-0.547482074646802
20.93,2.75241465037938,7.62958303934513,6.83913581248248,-0.232351501912936,-0.637009309925929,-0.547093451522208
20.94,2.7500920271438,7.62321532881769,6.83366681935736,-0.232173068813341,-0.636532305972713,-0.5467050586391
20.95,2.7477711876946,7.61685238686005,6.82820170901072,-0.231994744664453,-0.636055596147015,-0.546316895882221
20.96,2.74545213094224,7.61049421053163,6.82274047914189,-0.231816529474728,-0.635579180317501,-0.5459289631364
20.97,2.74313485579707,7.60414079689309,6.81728312745133,-0.231638423252267,-0.63510305835289,-0.545541260286557
20.98,2.7408193611694,7.59779214300646,6.81182965164064,-0.231460426004822,-0.634627230121954,-0.545153787217693
20.99,2.73850564596942,7.59144824593506,6.8063800494126,-0.231282537739792,-0.634151695493524,-0.544766543814901
21,2.7361937091073,7.58510910274351,6.80093431847112,-0.231104758464229,-0.633676454336477,-0.544379529963356
21.01,2.73388354949309,7.57877471049776,6.79549245652126,-0.230927088184834,-0.633201506519751,-0.543992745548322
21.02,2.7315751660368,7.57244506626505,6.79005446126923,-0.230749526907969,-0.632726851912337,-0.543606190455148
21.03,2.72926855764839,7.56612016711396,6.78462033042237,-0.230572074639647,-0.632252490383272,-0.543219864569269
21.04,2.72696372323773,7.55980001011436,6.7791900616892,-0.230394731385541,-0.631778421801656,-0.542833767776205
21.05,2.72466066171466,7.55348459233741,6.77376365277935,-0.230217497150984,-0.631304646036638,-0.542447899961563
21.06,2.72235937198896,7.54717391085562,6.76834110140361,-0.23004037194097,-0.630831162957417,-0.542062261011034
21.07,2.72005985297036,7.54086796274278,6.76292240527392,-0.229863355760155,-0.630357972433252,-0.541676850810397
21.08,2.71776210356855,7.534566745074,6.75750756210333,-0.22968644861286,-0.629885074333457,-0.541291669245513
21.09,2.71546612269318,7.52827025492567,6.75209656960608,-0.229509650503074,-0.629412468527385,-0.54090671620233
21.1,2.71317190925384,7.52197848937553,6.7466894254975,-0.229332961434451,-0.628940154884463,-0.54052199156688
21.11,2.71087946216011,7.51569144550259,6.74128612749409,-0.229156381410317,-0.628468133274154,-0.54013749522528
21.12,2.70858878032154,7.50940912038717,6.73588667331347,-0.228979910433668,-0.62799640356598,-0.539753227063732
21.13,2.70629986264764,7.50313151111092,6.73049106067443,-0.228803548507174,-0.627524965629519,-0.539369186968522
21.14,2.70401270804789,7.49685861475676,6.72509928729686,-0.228627295633175,-0.627053819334402,-0.53898537482602
21.15,2.70172731543176,7.49059042840894,6.7197113509018,-0.228451151813694,-0.626582964550306,-0.538601790522681
21.16,2.69944368370869,7.48432694915299,6.71432724921143,-0.228275117050426,-0.626112401146965,-0.538218433945044
21.17,2.69716181178812,7.47806817407576,6.70894697994906,-0.228099191344746,-0.625642128994168,-0.537835304979732
21.18,2.69488169857947,7.4718141002654,6.70357054083913,-0.227923374697711,-0.625172147961756,-0.53745240351345
21.19,2.69260334299215,7.46556472481136,6.69819792960721,-0.227747667110061,-0.624702457919626,-0.537069729432989
21.2,2.69032674393556,7.45932004480437,6.69282914398002,-0.227572068582219,-0.624233058737713,-0.536687282625222
21.21,2.6880519003191,7.4530800573365,6.68746418168539,-0.227396579114291,-0.623763950286024,-0.536305062977106
21.22,2.68577881105218,7.44684475950108,6.68210304045229,-0.227221198706074,-0.623295132434612,-0.53592307037568
21.23,2.6835074750442,7.44061414839277,6.67674571801082,-0.22704592735705,-0.622826605053574,-0.535541304708068
21.24,2.68123789120458,7.43438822110752,6.6713922120922,-0.226870765066394,-0.622358368013061,-0.535159765861476
21.25,2.67897005844273,7.42816697474256,6.66604252042878,-0.226695711832971,-0.621890421183292,-0.534778453723192
21.26,2.6767039756681,7.42195040639644,6.66069664075405,-0.22652076765534,-0.621422764434519,-0.534397368180588
21.27,2.67443964179013,7.41573851316899,6.65535457080262,-0.226345932531752,-0.620955397637062,-0.534016509121118
21.28,2.6721770557183,7.40953129216136,6.6500163083102,-0.226171206460159,-0.620488320661282,-0.533635876432317
21.29,2.6699162163621,7.40332874047598,6.64468185101366,-0.225996589438205,-0.620021533377598,-0.533255470001804
21.3,2.66765712263104,7.39713085521657,6.63935119665098,-0.225822081463237,-0.619555035656481,-0.532875289717279
21.31,2.66539977343467,7.39093763348815,6.63402434296125,-0.225647682532303,-0.61908882736845,-0.532495335466524
21.32,2.66314416768257,7.38474907239705,6.62870128768471,-0.22547339264215,-0.61862290838408,-0.532115607137405
21.33,2.66089030428435,7.37856516905086,6.62338202856268,-0.225299211789232,-0.618157278573997,-0.531736104617866
21.34,2.65863818214965,7.37238592055851,6.61806656333765,-0.225125139969705,-0.617691937808872,-0.531356827795935
21.35,2.65638780018816,7.36621132403018,6.61275488975318,-0.224951177179435,-0.617226885959442,-0.530977776559721
21.36,2.65413915730961,7.36004137657737,6.60744700555399,-0.224777323413992,-0.616762122896487,-0.530598950797414
21.37,2.65189225242379,7.35387607531285,6.60214290848588,-0.224603578668659,-0.616297648490838,-0.530220350397285
21.38,2.6496470844405,7.3477154173507,6.59684259629581,-0.224429942938429,-0.615833462613377,-0.529841975247685
21.39,2.64740365226964,7.34155939980629,6.59154606673181,-0.224256416218007,-0.615369565135049,-0.529463825237048
21.4,2.64516195482112,7.33540801979626,6.58625331754306,-0.22408299850181,-0.614905955926832,-0.529085900253888
21.41,2.64292199100494,7.32926127443857,6.58096434647984,-0.223909689783975,-0.614442634859768,-0.528708200186798
21.42,2.64068375973114,7.32311916085245,6.57567915129354,-0.223736490058351,-0.613979601804953,-0.528330724924453
21.43,2.63844725990984,7.31698167615841,6.57039772973668,-0.223563399318508,-0.613516856633525,-0.527953474355608
21.44,2.63621249045121,7.31084881747827,6.56512007956288,-0.223390417557734,-0.613054399216675,-0.527576448369099
21.45,2.6339794502655,7.30472058193513,6.55984619852685,-0.223217544769039,-0.612592229425651,-0.52719964685384
21.46,2.63174813826301,7.29859696665338,6.55457608438446,-0.223044780945155,-0.612130347131749,-0.526823069698826
21.47,2.62951855335415,7.29247796875868,6.54930973489265,-0.222872126078536,-0.611668752206314,-0.526446716793132
21.48,2.62729069444938,7.286363585378,6.54404714780948,-0.222699580161366,-0.611207444520748,-0.526070588025913
21.49,2.62506456045924,7.28025381363958,6.53878832089412,-0.22252714318555,-0.610746423946496,-0.525694683286402
21.5,2.62284015029437,7.27414865067295,6.53353325190684,-0.222354815142723,-0.610285690355061,-0.525319002463912
21.51,2.62061746286547,7.26804809360892,6.52828193860904,-0.222182596024252,-0.609825243617994,-0.524943545447838
21.52,2.61839649708336,7.2619521395796,6.52303437876319,-0.22201048582123,-0.609365083606895,-0.524568312127648
21.53,2.61617725185891,7.25586078571837,6.51779057013289,-0.221838484524485,-0.608905210193416,-0.524193302392896
21.54,2.61395972610312,7.24977402915989,6.51255051048284,-0.221666592124578,-0.608445623249269,-0.523818516133209
21.55,2.61174391872707,7.24369186704012,6.50731419757884,-0.221494808611804,-0.607986322646197,-0.523443953238296
21.56,2.60952982864193,7.23761429649627,6.50208162918779,-0.221323133976196,-0.60752730825601,-0.523069613597944
21.57,2.60731745475899,7.23154131466687,6.4968528030777,-0.22115156820752,-0.607068579950568,-0.522695497102017
21.58,2.60510679598963,7.22547291869172,6.49162771701767,-0.220980111295286,-0.606610137601771,-0.522321603640459
21.59,2.60289785124533,7.21940910571187,6.4864063687779,-0.220808763228742,-0.606151981081576,-0.521947933103293
21.6,2.60069061943771,7.21334987286969,6.48118875612971,-0.220637523996876,-0.605694110261987,-0.521574485380617
21.61,2.59848509947846,7.20729521730882,6.4759748768455,-0.22046639358842,-0.60523652501507,-0.521201260362609
21.62,2.59628129027941,7.20124513617416,6.47076472869877,-0.220295371991851,-0.604779225212928,-0.520828257939525
21.63,2.59407919075251,7.1951996266119,6.46555830946411,-0.22012445919539,-0.604322210727719,-0.520455478001698
21.64,2.5918787998098,7.18915868576953,6.46035561691723,-0.219953655187005,-0.603865481431651,-0.520082920439537
21.65,2.58968011636348,7.18312231079578,6.45515664883492,-0.219782959954411,-0.603409037196978,-0.519710585143532
21.66,2.58748313932585,7.17709049884069,6.44996140299505,-0.219612373485075,-0.602952877896016,-0.519338472004248
21.67,2.58528786760933,7.17106324705555,6.44476987717661,-0.219441895766212,-0.602497003401115,-0.518966580912327
21.68,2.5830943001265,7.16504055259293,6.43958206915968,-0.219271526784789,-0.602041413584691,-0.518594911758487
21.69,2.58090243579004,7.15902241260671,6.43439797672541,-0.219101266527526,-0.601586108319194,-0.518223464433527
21.7,2.57871227351278,7.15300882425199,6.42921759765606,-0.2189311149809,-0.601131087477135,-0.517852238828319
21.71,2.57652381220768,7.1469997846852,6.42404092973498,-0.21876107213114,-0.600676350931075,-0.517481234833812
21.72,2.57433705078784,7.140995291064,6.41886797074661,-0.218591137964235,-0.600221898553618,-0.517110452341033
21.73,2.57215198816652,7.13499534054734,6.41369871847648,-0.218421312465929,-0.599767730217417,-0.516739891241085
21.74,2.56996862325708,7.12899993029546,6.4085331707112,-0.218251595621728,-0.599313845795185,-0.516369551425146
21.75,2.56778695497308,7.12300905746984,6.40337132523847,-0.218081987416897,-0.598860245159675,-0.515999432784472
21.76,2.56560698222818,7.11702271923326,6.39821317984709,-0.217912487836464,-0.598406928183686,-0.515629535210393
21.77,2.56342870393622,7.11104091274976,6.39305873232693,-0.217743096865219,-0.597953894740081,-0.515259858594317
21.78,2.56125211901119,7.10506363518465,6.38790798046896,-0.217573814487717,-0.597501144701762,-0.514890402827726
21.79,2.55907722636723,7.09909088370451,6.38276092206521,-0.217404640688278,-0.597048677941679,-0.514521167802179
21.8,2.55690402491864,7.0931226554772,6.37761755490883,-0.21723557545099,-0.596596494332836,-0.514152153409309
21.81,2.55473251357987,7.08715894767185,6.37247787679403,-0.217066618759707,-0.596144593748284,-0.513783359540826
21.82,2.55256269126556,7.08119975745883,6.3673418855161,-0.216897770598054,-0.595692976061126,-0.513414786088513
21.83,2.55039455689048,7.07524508200982,6.36220957887142,-0.216729030949425,-0.595241641144511,-0.513046432944231
21.84,2.54822810936959,7.06929491849773,6.35708095465746,-0.216560399796986,-0.594790588871634,-0.512678299999915
21.85,2.54606334761801,7.06334926409678,6.35195601067274,-0.216391877123677,-0.594339819115747,-0.512310387147573
21.86,2.54390027055105,7.05740811598243,6.3468347447169,-0.216223462912209,-0.593889331750141,-0.51194269427929
21.87,2.54173887708416,7.05147147133139,6.34171715459064,-0.216055157145071,-0.593439126648165,-0.511575221287224
21.88,2.539579166133,7.04553932732168,6.33660323809571,-0.215886959804528,-0.592989203683211,-0.51120796806361
21.89,2.53742113661339,7.03961168113256,6.331492993035,-0.21571887087262,-0.592539562728724,-0.510840934500754
21.9,2.53526478744133,7.03368852994455,6.32638641721241,-0.215550890331168,-0.592090203658188,-0.51047412049104
21.91,2.53311011753302,7.02776987093944,6.32128350843296,-0.215383018161772,-0.591641126345151,-0.510107525926923
21.92,2.53095712580482,7.0218557013003,6.31618426450272,-0.215215254345813,-0.591192330663197,-0.509741150700933
21.93,2.5288058111733,7.01594601821145,6.31108868322887,-0.215047598864454,-0.59074381648596,-0.509374994705674
21.94,2.5266561725552,7.01004081885847,6.30599676241961,-0.214880051698641,-0.590295583687128,-0.509009057833825
21.95,2.52450820886747,7.00414010042821,6.30090849988426,-0.214712612829105,-0.58984763214043,-0.508643339978137
21.96,2.52236191902724,6.99824386010878,6.29582389343319,-0.214545282236362,-0.589399961719655,-0.508277841031434
21.97,2.52021730195185,6.99235209508956,6.29074294087785,-0.214378059900716,-0.588952572298622,-0.507912560886616
21.98,2.51807435655881,6.98646480256116,6.28566564003075,-0.214210945802255,-0.588505463751213,-0.507547499436655
21.99,2.51593308176586,6.98058197971551,6.28059198870547,-0.21404393992086,-0.588058635951356,-0.507182656574594
22,2.51379347649094,6.97470362374573,6.27552198471668,-0.213877042236201,-0.587612088773026,-0.506818032193553
22.01,2.51165553965217,6.96882973184626,6.27045562588009,-0.213710252727737,-0.587165822090234,-0.506453626186722
22.02,2.5095192701679,6.96296030121276,6.2653929100125,-0.213543571374722,-0.586719835777056,-0.506089438447365
22.03,2.50738466695668,6.95709532904218,6.26033383493176,-0.213376998156201,-0.586274129707611,-0.505725468868818
22.04,2.50525172893728,6.9512348125327,6.25527839845681,-0.213210533051015,-0.585828703756058,-0.505361717344491
22.05,2.50312045502866,6.94537874888377,6.25022659840762,-0.2130441760378,-0.585383557796611,-0.504998183767864
22.06,2.50099084415001,6.9395271352961,6.24517843260526,-0.212877927094988,-0.584938691703533,-0.504634868032493
22.07,2.49886289522074,6.93367996897166,6.24013389887185,-0.21271178620081,-0.584494105351129,-0.504271770032002
22.08,2.49673660716047,6.92783724711367,6.23509299503056,-0.212545753333295,-0.58404979861375,-0.50390888966009
22.09,2.49461197888905,6.92199896692661,6.23005571890565,-0.212379828470271,-0.583605771365804,-0.503546226810528
22.1,2.49248900932654,6.91616512561621,6.22502206832242,-0.212214011589368,-0.583162023481735,-0.503183781377156
22.11,2.49036769739324,6.91033572038946,6.21999204110723,-0.212048302668018,-0.582718554836047,-0.502821553253889
22.12,2.48824804200967,6.9045107484546,6.21496563508752,-0.211882701683455,-0.582275365303276,-0.502459542334713
22.13,2.48613004209656,6.89869020702114,6.20994284809178,-0.211717208612719,-0.581832454758016,-0.502097748513683
22.14,2.48401369657491,6.89287409329983,6.20492367794954,-0.211551823432652,-0.581389823074909,-0.501736171684929
22.15,2.48189900436591,6.88706240450266,6.19990812249143,-0.211386546119906,-0.580947470128635,-0.50137481174265
22.16,2.47978596439103,6.88125513784291,6.1948961795491,-0.211221376650937,-0.580505395793932,-0.501013668581116
22.17,2.47767457557192,6.87545229053508,6.18988784695528,-0.21105631500201,-0.580063599945573,-0.500652742094669
22.18,2.47556483683053,6.86965385979493,6.18488312254373,-0.2108913611492,-0.579622082458387,-0.500292032177723
22.19,2.47345674708899,6.86385984283949,6.1798820041493,-0.210726515068393,-0.579180843207244,-0.49993153872476
22.2,2.47135030526973,6.858070236887,6.17488448960787,-0.210561776735285,-0.578739882067063,-0.499571261630335
22.21,2.46924551029538,6.852285039157,6.16989057675638,-0.210397146125385,-0.578299198912813,-0.499211200789072
22.22,2.46714236108883,6.84650424687024,6.16490026343283,-0.210232623214014,-0.577858793619508,-0.498851356095667
22.23,2.46504085657323,6.84072785724875,6.15991354747625,-0.21006820797631,-0.577418666062203,-0.498491727444885
22.24,2.46294099567196,6.83495586751578,6.15493042672677,-0.209903900387223,-0.576978816116007,-0.498132314731562
22.25,2.46084277730866,6.82918827489586,6.14995089902551,-0.209739700421522,-0.576539243656069,-0.497773117850604
22.26,2.45874620040723,6.82342507661474,6.14497496221469,-0.209575608053794,-0.576099948557588,-0.497414136696987
22.27,2.45665126389181,6.81766626989944,6.14000261413756,-0.209411623258441,-0.57566093069581,-0.497055371165757
22.28,2.45455796668681,6.8119118519782,6.13503385263841,-0.209247746009686,-0.575222189946025,-0.496696821152029
22.29,2.4524663077169,6.80616182008054,6.1300686755626,-0.209083976281575,-0.574783726183567,-0.496338486550988
22.3,2.450376285907,6.8004161714372,6.12510708075652,-0.208920314047972,-0.574345539283822,-0.49598036725789
22.31,2.44828790018229,6.79467490328019,6.12014906606762,-0.208756759282563,-0.573907629122221,-0.495622463168058
22.32,2.44620114946823,6.78893801284274,6.11519462934438,-0.20859331195886,-0.573469995574232,-0.495264774176887
22.33,2.44411603269053,6.78320549735934,6.11024376843635,-0.208429972050197,-0.573032638515382,-0.494907300179838
22.34,2.44203254877518,6.77747735406572,6.1052964811941,-0.208266739529735,-0.572595557821235,-0.494550041072445
22.35,2.43995069664843,6.77175358019886,6.10035276546925,-0.208103614370459,-0.572158753367403,-0.494192996750306
22.36,2.43787047523681,6.76603417299697,6.09541261911449,-0.207940596545183,-0.571722225029546,-0.493836167109093
22.37,2.4357918834671,6.76031912969952,6.09047603998351,-0.207777686026548,-0.571285972683367,-0.493479552044544
22.38,2.43371492026639,6.75460844754722,6.08554302593107,-0.207614882787025,-0.57084999620461,-0.493123151452466
22.39,2.43163958456202,6.74890212378201,6.08061357481298,-0.207452186798913,-0.570414295469075,-0.492766965228734
22.4,2.42956587528162,6.74320015564707,6.07568768448606,-0.207289598034344,-0.569978870352604,-0.492410993269292
22.41,2.42749379135309,6.73750254038685,6.07076535280819,-0.20712711646528,-0.569543720731076,-0.492055235470154
22.42,2.42542333170461,6.73180927524701,6.06584657763829,-0.206964742063519,-0.569108846480428,-0.491699691727399
22.43,2.42335449526466,6.72612035747447,6.06093135683632,-0.206802474800689,-0.568674247476631,-0.491344361937177
22.44,2.42128728096199,6.72043578431737,6.05601968826326,-0.206640314648254,-0.56823992359571,-0.490989245995703
22.45,2.41922168772565,6.71475555302511,6.05111156978115,-0.206478261577513,-0.567805874713732,-0.490634343799262
22.46,2.41715771448494,6.70907966084831,6.04620699925306,-0.206316315559604,-0.567372100706803,-0.490279655244207
22.47,2.41509536016951,6.70340810503886,6.04130597454308,-0.206154476565498,-0.566938601451083,-0.489925180226957
22.48,2.41303462370925,6.69774088284985,6.03640849351637,-0.205992744566008,-0.566505376822769,-0.489570918644001
22.49,2.41097550403436,6.69207799153563,6.03151455403909,-0.205831119531784,-0.566072426698115,-0.489216870391892
22.5,2.40891800007533,6.68641942835178,6.02662415397845,-0.205669601433317,-0.56563975095341,-0.488863035367253
22.51,2.40686211076297,6.68076519055513,6.02173729120269,-0.20550819024094,-0.56520734946498,-0.488509413466773
22.52,2.40480783502836,6.67511527540372,6.0168539635811,-0.205346885924825,-0.564775222109214,-0.48815600458721
22.53,2.40275517180288,6.66946968015685,6.01197416898396,-0.205185688454988,-0.564343368762539,-0.487802808625385
22.54,2.40070412001823,6.66382840207505,6.00709790528263,-0.205024597801291,-0.563911789301416,-0.48744982547819
22.55,2.39865467860639,6.65819143842008,6.00222517034947,-0.204863613933436,-0.563480483602363,-0.487097055042582
22.56,2.39660684649965,6.65255878645494,5.99735596205788,-0.204702736820974,-0.56304945154194,-0.486744497215584
22.57,2.39456062263063,6.64693044344386,5.99249027828229,-0.204541966433301,-0.562618692996749,-0.486392151894287
22.58,2.39251600593222,6.6413064066523,5.98762811689816,-0.20438130273966,-0.562188207843435,-0.486040018975847
22.59,2.39047299533764,6.63568667334696,5.98276947578196,-0.204220745709142,-0.561757995958691,-0.485688098357488
22.6,2.38843158978041,6.63007124079578,5.97791435281122,-0.204060295310686,-0.561328057219254,-0.485336389936499
22.61,2.38639178819436,6.62446010626791,5.97306274586447,-0.203899951513082,-0.560898391501898,-0.484984893610236
22.62,2.38435358951366,6.61885326703375,5.96821465282127,-0.203739714284971,-0.560468998683448,-0.484633609276119
22.63,2.38231699267275,6.61325072036493,5.96337007156223,-0.203579583594843,-0.560039878640775,-0.484282536831637
22.64,2.38028199660642,6.60765246353431,5.95852899996895,-0.203419559411042,-0.559611031250783,-0.483931676174342
22.65,2.37824860024976,6.60205849381598,5.95369143592407,-0.203259641701764,-0.559182456390434,-0.483581027201853
22.66,2.37621680253819,6.59646880848525,5.94885737731127,-0.203099830435062,-0.558754153936727,-0.483230589811855
22.67,2.37418660240745,6.59088340481868,5.94402682201521,-0.202940125578838,-0.558326123766701,-0.482880363902098
22.68,2.37215799879359,6.58530228009404,5.93919976792162,-0.202780527100856,-0.557898365757442,-0.482530349370396
22.69,2.37013099063298,6.57972543159034,5.93437621291722,-0.202621034968731,-0.557470879786078,-0.482180546114631
22.7,2.36810557686234,6.57415285658782,5.92955615488977,-0.202461649149937,-0.557043665729789,-0.481830954032749
22.71,2.36608175641869,6.56858455236794,5.92473959172803,-0.202302369611809,-0.556616723465785,-0.481481573022759
22.72,2.3640595282394,6.56302051621339,5.91992652132179,-0.202143196321536,-0.556190052871327,-0.481132402982738
22.73,2.36203889126214,6.55746074540808,5.91511694156186,-0.201984129246171,-0.555763653823719,-0.480783443810826
22.74,2.36001984442494,6.55190523723718,5.91031085034008,-0.201825168352623,-0.555337526200308,-0.480434695405229
22.75,2.35800238666614,6.54635398898704,5.90550824554929,-0.201666313607666,-0.554911669878487,-0.480086157664216
22.76,2.35598651692442,6.54080699794526,5.90070912508334,-0.201507564977935,-0.554486084735683,-0.479737830486122
22.77,2.35397223413881,6.53526426140068,5.89591348683712,-0.201348922429926,-0.554060770649375,-0.479389713769346
22.78,2.35195953724864,6.52972577664332,5.89112132870652,-0.201190385930002,-0.553635727497084,-0.479041807412351
22.79,2.34994842519361,6.52419154096448,5.88633264858846,-0.201031955444388,-0.553210955156369,-0.478694111313665
22.8,2.34793889691375,6.51866155165664,5.88154744438085,-0.200873630939175,-0.552786453504831,-0.478346625371878
22.81,2.34593095134942,6.51313580601352,5.87676571398263,-0.20071541238032,-0.552362222420125,-0.477999349485647
22.82,2.34392458744132,6.50761430133008,5.87198745529376,-0.200557299733646,-0.551938261779937,-0.477652283553691
22.83,2.34191980413052,6.50209703490247,5.86721266621519,-0.200399292964845,-0.551514571461995,-0.477305427474794
22.84,2.3399166003584,6.49658400402809,5.86244134464891,-0.200241392039476,-0.551091151344087,-0.476958781147801
22.85,2.3379149750667,6.49107520600554,5.85767348849789,-0.200083596922969,-0.550668001304021,-0.476612344471624
22.86,2.33591492719751,6.48557063813466,5.85290909566614,-0.199925907580621,-0.550245121219657,-0.476266117345237
22.87,2.33391645569325,6.4800702977165,5.84814816405866,-0.199768323977602,-0.549822510968906,-0.475920099667677
22.88,2.33191955949672,6.47457418205334,5.84339069158147,-0.199610846078953,-0.549400170429705,-0.475574291338045
22.89,2.32992423755104,6.46908228844868,5.83863667614159,-0.199453473849586,-0.548978099480046,-0.475228692255504
22.9,2.32793048879969,6.46359461420722,5.83388611564705,-0.199296207254287,-0.548556297997956,-0.474883302319282
22.91,2.32593831218652,6.45811115663491,5.8291390080069,-0.199139046257716,-0.548134765861513,-0.474538121428668
22.92,2.32394770665571,6.45263191303889,5.82439535113119,-0.198981990824406,-0.547713502948821,-0.474193149483016
22.93,2.3219586711518,6.44715688072754,5.81965514293096,-0.198825040918766,-0.547292509138044,-0.47384838638174
22.94,2.31997120461971,6.44168605701044,5.81491838131827,-0.198668196505082,-0.546871784307378,-0.47350383202432
22.95,2.31798530600468,6.43621943919842,5.81018506420619,-0.198511457547513,-0.546451328335059,-0.473159486310295
22.96,2.31600097425235,6.43075702460348,5.80545518950879,-0.1983548240101,-0.546031141099372,-0.47281534913927
22.97,2.31401820830868,6.42529881053889,5.80072875514113,-0.198198295856759,-0.545611222478642,-0.47247142041091
22.98,2.31203700712002,6.41984479431908,5.7960057590193,-0.198041873051285,-0.545191572351234,-0.472127700024942
22.99,2.31005736963307,6.41439497325975,5.79128619906036,-0.197885555557354,-0.544772190595548,-0.471784187881157
23,2.3080792947949,6.40894934467777,5.7865700731824,-0.197729343338521,-0.544353077090042,-0.471440883879407
23.01,2.30610278155294,6.40350790589127,5.7818573793045,-0.197573236358223,-0.543934231713198,-0.471097787919606
23.02,2.30412782885498,6.39807065421955,5.77714811534674,-0.197417234579778,-0.543515654343549,-0.47075489990173
23.03,2.3021544356492,6.39263758698315,5.7724422792302,-0.197261337966385,-0.543097344859672,-0.470412219725817
23.04,2.30018260088413,6.38720870150383,5.76773986887695,-0.19710554648113,-0.542679303140176,-0.470069747291966
23.05,2.29821232350867,6.38178399510455,5.76304088221008,-0.196949860086978,-0.542261529063719,-0.469727482500338
23.06,2.29624360247209,6.37636346510948,5.75834531715366,-0.196794278746783,-0.541844022508998,-0.469385425251155
23.07,2.29427643672405,6.37094710884401,5.75365317163277,-0.19663880242328,-0.541426783354746,-0.469043575444702
23.08,2.29231082521456,6.36553492363475,5.74896444357348,-0.196483431079093,-0.541009811479746,-0.468701932981323
23.09,2.29034676689402,6.36012690680951,5.74427913090285,-0.196328164676733,-0.540593106762817,-0.468360497761424
23.1,2.2883842607132,6.35472305569731,5.73959723154895,-0.196173003178594,-0.540176669082815,-0.468019269685474
23.11,2.28642330562324,6.34932336762839,5.73491874344084,-0.196017946546962,-0.539760498318647,-0.467678248653999
23.12,2.28446390057567,6.34392783993421,5.73024366450856,-0.195862994744011,-0.539344594349254,-0.46733743456759
23.13,2.28250604452239,6.33853646994741,5.72557199268317,-0.195708147731803,-0.538928957053618,-0.466996827326895
23.14,2.28054973641569,6.33314925500186,5.72090372589669,-0.19555340547229,-0.538513586310761,-0.466656426832627
23.15,2.27859497520822,6.32776619243265,5.71623886208218,-0.195398767927317,-0.538098481999753,-0.466316232985554
23.16,2.27664175985304,6.32238727957605,5.71157739917364,-0.195244235058618,-0.537683643999687,-0.465976245686511
23.17,2.27469008930357,6.31701251376957,5.70691933510609,-0.195089806827819,-0.537269072189722,-0.465636464836387
23.18,2.27273996251363,6.31164189235191,5.70226466781554,-0.19493548319644,-0.536854766449037,-0.465296890336137
23.19,2.27079137843741,6.30627541266297,5.69761339523899,-0.194781264125894,-0.536440726656856,-0.464957522086771
23.2,2.26884433602951,6.30091307204389,5.69296551531442,-0.194627149577488,-0.536026952692448,-0.464618359989363
23.21,2.26689883424489,6.29555486783697,5.6883210259808,-0.194473139512422,-0.535613444435119,-0.464279403945044
23.22,2.26495487203891,6.29020079738577,5.68367992517811,-0.194319233891793,-0.535200201764216,-0.463940653855009
23.23,2.26301244836733,6.28485085803501,5.67904221084728,-0.194165432676594,-0.534787224559123,-0.463602109620508
23.24,2.26107156218629,6.27950504713065,5.67440788093026,-0.194011735827714,-0.534374512699271,-0.463263771142854
23.25,2.25913221245231,6.27416336201982,5.66977693336997,-0.193858143305939,-0.533962066064122,-0.462925638323418
23.26,2.25719439812233,6.2688258000509,5.66514936611032,-0.193704655071953,-0.533549884533187,-0.462587711063631
23.27,2.25525811815367,6.26349235857344,5.66052517709621,-0.19355127108634,-0.533137967986016,-0.462249989264983
23.28,2.25332337150404,6.2581630349382,5.65590436427351,-0.193397991309581,-0.532726316302183,-0.461912472829025
23.29,2.25139015713154,6.25283782649715,5.6512869255891,-0.193244815702057,-0.532314929361327,-0.461575161657365
23.3,2.24945847399469,6.24751673060347,5.64667285899083,-0.19309174422405,-0.531903807043102,-0.461238055651672
23.31,2.24752832105239,6.24219974461153,5.64206216242752,-0.192938776835745,-0.531492949227221,-0.460901154713672
23.32,2.24559969726394,6.23688686587692,5.63745483384898,-0.192785913497225,-0.531082355793427,-0.460564458745151
23.33,2.24367260158904,6.2315780917564,5.63285087120602,-0.192633154168477,-0.530672026621506,-0.460227967647954
23.34,2.2417470329878,6.22627341960796,5.62825027245041,-0.192480498809391,-0.53026196159128,-0.459891681323986
23.35,2.23982299042073,6.2209728467908,5.6236530355349,-0.192327947379761,-0.529852160582608,-0.459555599675207
23.36,2.23790047284872,6.21567637066528,5.61905915841325,-0.192175499839284,-0.529442623475398,-0.459219722603639
23.37,2.23597947923308,6.21038398859301,5.61446863904015,-0.192023156147562,-0.529033350149589,-0.458884050011362
23.38,2.23406000853555,6.20509569793676,5.60988147537132,-0.191870916264102,-0.528624340485161,-0.458548581800512
23.39,2.23214205971822,6.19981149606053,5.60529766536342,-0.191718780148318,-0.528215594362134,-0.458213317873285
23.4,2.23022563174364,6.19453138032949,5.6007172069741,-0.191566747759531,-0.527807111660568,-0.457878258131937
23.41,2.22831072357473,6.18925534811004,5.59614009816201,-0.191414819056967,-0.52739889226056,-0.457543402478778
23.42,2.22639733417484,6.18398339676975,5.59156633688673,-0.19126299399976,-0.526990936042246,-0.457208750816178
23.43,2.22448546250772,6.17871552367742,5.58699592110886,-0.191111272546954,-0.526583242885799,-0.456874303046567
23.44,2.22257510753753,6.17345172620301,5.58242884878995,-0.190959654657502,-0.526175812671435,-0.456540059072429
23.45,2.22066626822883,6.16819200171772,5.57786511789254,-0.190808140290264,-0.525768645279408,-0.456206018796309
23.46,2.21875894354663,6.16293634759391,5.57330472638013,-0.190656729404012,-0.525361740590008,-0.455872182120806
23.47,2.21685313245631,6.15768476120517,5.5687476722172,-0.190505421957428,-0.524955098483568,-0.45553854894858
23.48,2.21494883392368,6.15243723992625,5.5641939533692,-0.190354217909106,-0.524548718840453,-0.455205119182347
23.49,2.21304604691497,6.14719378113312,5.55964356780256,-0.190203117217551,-0.524142601541069,-0.45487189272488
23.5,2.21114477039681,6.14195438220294,5.55509651348469,-0.190052119841181,-0.523736746465865,-0.45453886947901
23.51,2.20924500333627,6.13671904051408,5.55055278838394,-0.189901225738326,-0.523331153495321,-0.454206049347625
23.52,2.20734674470082,6.13148775344608,5.54601239046966,-0.189750434867231,-0.522925822509965,-0.453873432233668
23.53,2.20544999345835,6.12626051837968,5.54147531771216,-0.189599747186054,-0.522520753390349,-0.453541018040143
23.54,2.20355474857717,6.12103733269683,5.53694156808272,-0.189449162652867,-0.522115946017074,-0.453208806670107
23.55,2.20166100902602,6.11581819378066,5.53241113955359,-0.189298681225659,-0.521711400270781,-0.452876798026676
23.56,2.19976877377403,6.1106030990155,5.52788403009799,-0.189148302862334,-0.521307116032136,-0.452544992013022
23.57,2.19787804179079,6.10539204578687,5.52336023769009,-0.188998027520712,-0.52090309318186,-0.452213388532374
23.58,2.19598881204628,6.10018503148148,5.51883976030507,-0.18884785515853,-0.520499331600699,-0.451881987488017
23.59,2.19410108351093,6.09498205348724,5.51432259591903,-0.188697785733443,-0.520095831169441,-0.451550788783292
23.6,2.19221485515558,6.08978310919324,5.50980874250906,-0.188547819203023,-0.519692591768909,-0.451219792321598
23.61,2.19033012595149,6.08458819598978,5.50529819805322,-0.188397955524761,-0.519289613279974,-0.450888998006388
23.62,2.18844689487036,6.07939731126832,5.50079096053053,-0.188248194656067,-0.51888689558353,-0.450558405741173
23.63,2.18656516088429,6.07421045242156,5.49628702792095,-0.188098536554272,-0.518484438560516,-0.450228015429519
23.64,2.18468492296585,6.06902761684334,5.49178639820545,-0.187948981176624,-0.518082242091913,-0.449897826975048
23.65,2.18280618008799,6.06384880192871,5.48728906936593,-0.187799528480295,-0.517680306058728,-0.449567840281438
23.66,2.18092893122412,6.05867400507392,5.48279503938526,-0.187650178422377,-0.517278630342018,-0.449238055252424
23.67,2.17905317534808,6.05350322367641,5.47830430624728,-0.187500930959882,-0.516877214822866,-0.448908471791794
23.68,2.17717891143411,6.04833645513477,5.47381686793679,-0.187351786049747,-0.516476059382402,-0.448579089803395
23.69,2.17530613845692,6.04317369684884,5.46933272243953,-0.18720274364883,-0.516075163901787,-0.448249909191126
23.7,2.17343485539163,6.03801494621959,5.46485186774224,-0.187053803713913,-0.515674528262222,-0.447920929858944
23.71,2.1715650612138,6.03286020064922,5.46037430183259,-0.186904966201703,-0.515274152344939,-0.44759215171086
23.72,2.16969675489941,6.0277094575411,5.45590002269922,-0.186756231068828,-0.514874036031218,-0.44726357465094
23.73,2.16782993542489,6.02256271429978,5.45142902833173,-0.186607598271845,-0.51447417920237,-0.446935198583307
23.74,2.1659646017671,6.01741996833101,5.44696131672067,-0.186459067767234,-0.514074581739741,-0.446607023412137
23.75,2.16410075290333,6.01228121704173,5.44249688585756,-0.1863106395114,-0.513675243524712,-0.446279049041663
23.76,2.16223838781131,6.00714645784004,5.43803573373486,-0.186162313460677,-0.513276164438707,-0.44595127537617
23.77,2.16037750546921,6.00201568813525,5.43357785834601,-0.186014089571325,-0.512877344363187,-0.44562370232
23.78,2.15851810485564,5.99688890533785,5.4291232576854,-0.18586596779953,-0.512478783179642,-0.44529632977755
23.79,2.15666018494964,5.99176610685951,5.42467192974835,-0.185717948101408,-0.512080480769604,-0.44496915765327
23.8,2.15480374473069,5.98664729011309,5.42022387253117,-0.185570030433001,-0.51168243701465,-0.444642185851664
23.81,2.15294878317872,5.98153245251264,5.41577908403112,-0.185422214750283,-0.511284651796369,-0.444315414277295
23.82,2.15109529927408,5.97642159147337,5.41133756224638,-0.185274501009155,-0.510887124996412,-0.443988842834774
23.83,2.14924329199759,5.9713147044117,5.40689930517612,-0.185126889165449,-0.510489856496456,-0.443662471428771
23.84,2.14739276033049,5.96621178874522,5.40246431082046,-0.184979379174927,-0.510092846178209,-0.443336299964007
23.85,2.14554370325447,5.96111284189269,5.39803257718045,-0.184831970993282,-0.509696093923422,-0.443010328345261
23.86,2.14369611975167,5.95601786127409,5.39360410225811,-0.184684664576138,-0.509299599613884,-0.442684556477361
23.87,2.14185000880465,5.95092684431055,5.3891788840564,-0.184537459879052,-0.50890336313141,-0.442358984265193
23.88,2.14000536939645,5.94583978842438,5.38475692057926,-0.184390356857512,-0.508507384357866,-0.442033611613695
23.89,2.13816220051053,5.9407566910391,5.38033820983153,-0.184243355466939,-0.508111663175144,-0.441708438427858
23.9,2.13632050113081,5.93567754957938,5.37592274981905,-0.184096455662689,-0.507716199465167,-0.44138346461273
23.91,2.13448027024164,5.93060236147108,5.37151053854858,-0.183949657400049,-0.507320993109908,-0.441058690073407
23.92,2.13264150682783,5.92553112414125,5.36710157402783,-0.183802960634243,-0.506926043991363,-0.440734114715045
23.93,2.13080420987464,5.92046383501812,5.36269585426547,-0.183656365320428,-0.506531351991572,-0.440409738442848
23.94,2.12896837836777,5.91540049153108,5.35829337727112,-0.183509871413696,-0.506136916992608,-0.440085561162075
23.95,2.12713401129338,5.91034109111072,5.35389414105532,-0.183363478869076,-0.505742738876578,-0.43976158277804
23.96,2.12530110763807,5.90528563118879,5.34949814362959,-0.183217187641533,-0.505348817525626,-0.439437803196108
23.97,2.1234696663889,5.90023410919825,5.34510538300638,-0.183070997685966,-0.504955152821928,-0.439114222321699
23.98,2.12163968653336,5.89518652257319,5.34071585719908,-0.182924908957214,-0.504561744647705,-0.438790840060282
23.99,2.11981116705943,5.89014286874892,5.33632956422203,-0.182778921410053,-0.504168592885201,-0.438467656317385
24,2.11798410695551,5.88510314516191,5.33194650209054,-0.182633034999195,-0.503775697416708,-0.438144670998582
24.01,2.11615850521046,5.88006734924981,5.32756666882081,-0.182487249679294,-0.503383058124542,-0.437821884009505
24.02,2.11433436081361,5.87503547845144,5.32319006243004,-0.182341565404939,-0.502990674891062,-0.437499295255836
24.03,2.11251167275471,5.87000753020681,5.31881668093633,-0.18219598213066,-0.502598547598653,-0.437176904643311
24.04,2.11069044002401,5.86498350195708,5.31444652235875,-0.182050499810927,-0.502206676129746,-0.436854712077717
24.05,2.10887066161218,5.85996339114463,5.31007958471729,-0.18190511840015,-0.501815060366801,-0.436532717464893
24.06,2.10705233651036,5.85494719521297,5.30571586603291,-0.18175983785268,-0.501423700192318,-0.436210920710733
24.07,2.10523546371015,5.8499349116068,5.30135536432747,-0.181614658122808,-0.501032595488817,-0.435889321721181
24.08,2.1034200422036,5.84492653777201,5.29699807762382,-0.181469579164766,-0.500641746138873,-0.435567920402232
24.09,2.10160607098322,5.83992207115564,5.2926440039457,-0.181324600932731,-0.500251152025079,-0.435246716659937
24.1,2.09979354904198,5.83492150920593,5.28829314131783,-0.18117972338082,-0.499860813030079,-0.434925710400395
24.11,2.0979824753733,5.82992484937227,5.28394548776584,-0.181034946463093,-0.499470729036537,-0.434604901529758
24.12,2.09617284897109,5.82493208910523,5.27960104131632,-0.180890270133553,-0.49908089992716,-0.434284289954231
24.13,2.09436466882968,5.81994322585657,5.27525979999678,-0.180745694346148,-0.498691325584684,-0.43396387558007
24.14,2.09255793394388,5.81495825707918,5.27092176183567,-0.180601219054768,-0.498302005891881,-0.433643658313581
24.15,2.09075264330897,5.80997718022718,5.2665869248624,-0.18045684421325,-0.497912940731567,-0.433323638061124
24.16,2.08894879592067,5.80499999275581,5.26225528710728,-0.180312569775374,-0.497524129986574,-0.433003814729109
24.17,2.08714639077519,5.80002669212151,5.25792684660157,-0.180168395694866,-0.497135573539786,-0.432684188223998
24.18,2.08534542686917,5.79505727578189,5.25360160137749,-0.180024321925398,-0.49674727127411,-0.432364758452303
24.19,2.08354590319975,5.79009174119572,5.24927954946816,-0.179880348420589,-0.496359223072487,-0.432045525320588
24.2,2.08174781876451,5.78513008582293,5.24496068890764,-0.179736475134002,-0.495971428817902,-0.43172648873547
24.21,2.07995117256149,5.78017230712466,5.24064501773094,-0.17959270201915,-0.495583888393367,-0.431407648603614
24.22,2.07815596358921,5.77521840256318,5.23633253397399,-0.179449029029492,-0.495196601681923,-0.431089004831737
24.23,2.07636219084666,5.77026836960195,5.23202323567366,-0.179305456118434,-0.494809568566657,-0.430770557326607
24.24,2.07456985333328,5.76532220570559,5.22771712086775,-0.179161983239332,-0.494422788930681,-0.430452305995042
24.25,2.07277895004899,5.76037990833989,5.22341418759498,-0.179018610345489,-0.494036262657148,-0.430134250743913
24.26,2.07098947999416,5.75544147497181,5.21911443389502,-0.178875337390159,-0.493649989629235,-0.42981639148014
24.27,2.06920144216964,5.75050690306948,5.21481785780845,-0.178732164326543,-0.49326396973016,-0.429498728110692
24.28,2.06741483557676,5.7455761901022,5.21052445737681,-0.178589091107795,-0.492878202843174,-0.429181260542591
24.29,2.06562965921729,5.74064933354043,5.20623423064253,-0.178446117687016,-0.492492688851556,-0.428863988682908
24.3,2.0638459120935,5.7357263308558,5.20194717564901,-0.178303244017259,-0.492107427638627,-0.428546912438765
24.31,2.0620635932081,5.7308071795211,5.19766329044054,-0.178160470051529,-0.491722419087739,-0.428230031717333
24.32,2.0602827015643,5.72589187701031,5.19338257306237,-0.178017795742781,-0.491337663082267,-0.427913346425834
24.33,2.05850323616576,5.72098042079854,5.18910502156067,-0.177875221043923,-0.490953159505636,-0.427596856471541
24.34,2.0567251960166,5.7160728083621,5.18483063398251,-0.177732745907813,-0.490568908241295,-0.427280561761775
24.35,2.05494858012146,5.71116903717843,5.18055940837592,-0.177590370287265,-0.490184909172721,-0.426964462203908
24.36,2.05317338748539,5.70626910472618,5.17629134278985,-0.177448094135043,-0.489801162183438,-0.426648557705361
24.37,2.05139961711396,5.70137300848513,5.17202643527415,-0.177305917403866,-0.489417667156995,-0.426332848173606
24.38,2.0496272680132,5.69648074593622,5.16776468387964,-0.177163840046406,-0.489034423976971,-0.426017333516163
24.39,2.0478563391896,5.69159231456159,5.16350608665802,-0.177021862015289,-0.488651432526986,-0.425702013640604
24.4,2.04608682965013,5.68670771184451,5.15925064166193,-0.176879983263096,-0.488268692690685,-0.425386888454547
24.41,2.04431873840225,5.68182693526943,5.15499834694496,-0.176738203742363,-0.48788620435175,-0.425071957865661
24.42,2.04255206445388,5.67694998232195,5.15074920056157,-0.176596523405581,-0.487503967393897,-0.424757221781667
24.43,2.04078680681341,5.67207685048885,5.1465032005672,-0.176454942205196,-0.487121981700875,-0.42444268011033
24.44,2.03902296448972,5.66720753725806,5.14226034501816,-0.17631346009361,-0.486740247156462,-0.424128332759468
24.45,2.03726053649216,5.66234204011867,5.13802063197172,-0.176172077023183,-0.486358763644472,-0.423814179636947
24.46,2.03549952183056,5.65748035656094,5.13378405948606,-0.17603079294623,-0.48597753104875,-0.423500220650682
24.47,2.03373991951521,5.6526224840763,5.12955062562026,-0.175889607815024,-0.485596549253171,-0.423186455708636
24.48,2.03198172855691,5.64776842015731,5.12532032843436,-0.175748521581794,-0.485215818141649,-0.422872884718823
24.49,2.03022494796691,5.64291816229772,5.12109316598928,-0.175607534198728,-0.484835337598124,-0.422559507589304
24.5,2.02846957675695,5.63807170799244,5.11686913634688,-0.175466645617973,-0.484455107506574,-0.422246324228188
24.51,2.02671561393924,5.63322905473751,5.11264823756994,-0.175325855791633,-0.484075127751004,-0.421933334543634
24.52,2.02496305852648,5.62839020003016,5.10843046772215,-0.175185164671771,-0.483695398215456,-0.42162053844385
24.53,2.02321190953185,5.62355514136878,5.10421582486812,-0.17504457221041,-0.483315918783996,-0.421307935837091
24.54,2.021462165969,5.61872387625289,5.10000430707338,-0.174904078359532,-0.482936689340737,-0.42099552663166
24.55,2.01971382685206,5.61389640218321,5.09579591240438,-0.174763683071079,-0.482557709769812,-0.42068331073591
24.56,2.01796689119566,5.60907271666157,5.09159063892847,-0.174623386296953,-0.482178979955386,-0.420371288058242
24.57,2.01622135801489,5.604252817191,5.08738848471393,-0.174483187989017,-0.481800499781663,-0.420059458507103
24.58,2.01447722632532,5.59943670127568,5.08318944782996,-0.174343088099096,-0.481422269132872,-0.419747821990991
24.59,2.01273449514302,5.59462436642092,5.07899352634665,-0.174203086578974,-0.481044287893283,-0.419436378418449
24.6,2.01099316348454,5.58981581013322,5.07480071833505,-0.174063183380397,-0.480666555947181,-0.419125127698071
24.61,2.00925323036689,5.58501102992022,5.07061102186706,-0.173923378455076,-0.480289073178905,-0.418814069738495
24.62,2.00751469480759,5.58021002329072,5.06642443501556,-0.173783671754681,-0.479911839472804,-0.41850320444841
24.63,2.00577755582463,5.57541278775468,5.06224095585429,-0.173644063230846,-0.479534854713279,-0.418192531736552
24.64,2.00404181243649,5.57061932082321,5.05806058245793,-0.173504552835168,-0.47915811878475,-0.417882051511703
24.65,2.00230746366213,5.56582962000858,5.05388331290207,-0.173365140519206,-0.478781631571666,-0.417571763682694
24.66,2.00057450852098,5.56104368282421,5.04970914526321,-0.173225826234485,-0.478405392958515,-0.417261668158402
24.67,1.99884294603299,5.55626150678468,5.04553807761874,-0.173086609932492,-0.478029402829813,-0.416951764847754
24.68,1.99711277521857,5.55148308940572,5.04137010804699,-0.17294749156468,-0.477653661070117,-0.416642053659722
24.69,1.99538399509861,5.54670842820423,5.0372052346272,-0.172808471082465,-0.477278167563998,-0.416332534503324
24.7,1.99365660469451,5.54193752069823,5.03304345543949,-0.172669548437229,-0.476902922196071,-0.416023207287629
24.71,1.99193060302814,5.53717036440693,5.02888476856491,-0.172530723580318,-0.476527924850973,-0.415714071921749
24.72,1.99020598912186,5.53240695685068,5.02472917208543,-0.172391996463046,-0.476153175413382,-0.415405128314846
24.73,1.98848276199852,5.52764729555098,5.0205766640839,-0.172253367036691,-0.475778673768002,-0.415096376376128
24.74,1.98676092068145,5.52289137803048,5.0164272426441,-0.172114835252498,-0.475404419799571,-0.414787816014847
24.75,1.98504046419446,5.51813920181299,5.0122809058507,-0.171976401061678,-0.475030413392848,-0.414479447140307
24.76,1.98332139156189,5.51339076442347,5.00813765178929,-0.171838064415409,-0.474656654432633,-0.414171269661855
24.77,1.98160370180851,5.50864606338802,5.00399747854637,-0.171699825264837,-0.474283142803763,-0.413863283488884
24.78,1.97988739395963,5.50390509623392,4.99986038420932,-0.171561683561075,-0.473909878391086,-0.413555488530836
24.79,1.97817246704101,5.49916786048958,4.99572636686646,-0.171423639255203,-0.473536861079497,-0.413247884697198
24.8,1.97645892007892,5.49443435368456,4.991595424607,-0.171285692298271,-0.473164090753918,-0.412940471897503
24.81,1.97474675210012,5.48970457334957,4.98746755552103,-0.171147842641296,-0.4727915672993,-0.412633250041332
24.82,1.97303596213186,5.48497851701649,4.98334275769959,-0.171010090235264,-0.472419290600622,-0.412326219038311
24.83,1.97132654920186,5.48025618221833,4.97922102923459,-0.170872435031129,-0.472047260542902,-0.41201937879811
24.84,1.96961851233836,5.47553756648925,4.97510236821886,-0.170734876979818,-0.471675477011177,-0.41171272923045
24.85,1.96791185057007,5.47082266736457,4.97098677274611,-0.170597416032224,-0.471303939890523,-0.411406270245094
24.86,1.9662065629262,5.46611148238075,4.96687424091098,-0.17046005213921,-0.470932649066047,-0.411100001751851
24.87,1.96450264843645,5.46140400907541,4.962764770809,-0.170322785251613,-0.470561604422877,-0.410793923660578
24.88,1.96280010613101,5.4567002449873,4.9586583605366,-0.170185615320235,-0.470190805846184,-0.410488035881177
24.89,1.96109893504057,5.45200018765635,4.9545550081911,-0.170048542295854,-0.469820253221159,-0.410182338323594
24.9,1.9593991341963,5.4473038346236,4.95045471187075,-0.169911566129217,-0.469449946433028,-0.409876830897822
24.91,1.95770070262987,5.44261118343125,4.94635746967467,-0.169774686771041,-0.469079885367046,-0.4095715135139
24.92,1.95600363937345,5.43792223162267,4.94226327970289,-0.169637904172017,-0.468710069908499,-0.409266386081912
24.93,1.95430794345968,5.43323697674236,4.93817214005635,-0.169501218282807,-0.468340499942702,-0.408961448511986
24.94,1.95261361392172,5.42855541633594,4.93408404883687,-0.169364629054045,-0.467971175355,-0.408656700714298
24.95,1.95092064979321,5.42387754795023,4.92999900414718,-0.169228136436339,-0.467602096030771,-0.408352142599065
24.96,1.94922905010829,5.41920336913316,4.9259170040909,-0.16909174038027,-0.467233261855415,-0.408047774076555
24.97,1.94753881390158,5.41453287743381,4.92183804677255,-0.168955440836388,-0.466864672714371,-0.407743595057075
24.98,1.94584994020821,5.40986607040242,4.91776213029756,-0.168819237755223,-0.466496328493101,-0.407439605450982
24.99,1.94416242806381,5.40520294559035,4.91368925277223,-0.168683131087274,-0.466128229077099,-0.407135805168675
25,1.94247627650449,5.40054350055013,4.90961941230378,-0.168547120783014,-0.465760374351894,-0.406832194120598
25.01,1.94079148456685,5.39588773283543,4.9055526070003,-0.168411206792894,-0.465392764203036,-0.406528772217242
25.02,1.93910805128801,5.39123564000104,4.90148883497081,-0.168275389067335,-0.465025398516113,-0.406225539369138
25.03,1.93742597570556,5.38658721960293,4.89742809432519,-0.168139667556737,-0.464658277176731,-0.405922495486868
25.04,1.93574525685761,5.38194246919819,4.89337038317423,-0.168004042211473,-0.464291400070536,-0.405619640481054
25.05,1.93406589378275,5.37730138634507,4.88931569962962,-0.16786851298189,-0.463924767083201,-0.405316974262363
25.06,1.93238788552008,5.37266396860293,4.88526404180393,-0.167733079818315,-0.463558378100425,-0.405014496741508
25.07,1.93071123110917,5.36803021353232,4.88121540781063,-0.167597742671046,-0.463192233007935,-0.404712207829246
25.08,1.92903592959012,5.3634001186949,4.87716979576407,-0.16746250149036,-0.462826331691494,-0.404410107436377
25.09,1.92736198000351,5.35877368165348,4.87312720377952,-0.16732735622651,-0.462460674036894,-0.404108195473745
25.1,1.92568938139042,5.35415089997201,4.86908762997311,-0.167192306829726,-0.462095259929948,-0.403806471852241
25.11,1.92401813279242,5.34953177121559,4.86505107246187,-0.167057353250215,-0.461730089256504,-0.403504936482797
25.12,1.9223482332516,5.34491629295045,4.86101752936374,-0.16692249543816,-0.46136516190244,-0.403203589276391
25.13,1.92067968181052,5.34030446274397,4.85698699879752,-0.166787733343723,-0.461000477753664,-0.402902430144042
25.14,1.91901247751227,5.33569627816467,4.85295947888292,-0.166653066917043,-0.460636036696104,-0.402601458996817
25.15,1.91734661940041,5.33109173678221,4.84893496774053,-0.166518496108239,-0.460271838615727,-0.402300675745824
25.16,1.91568210651902,5.32649083616739,4.84491346349184,-0.166384020867404,-0.459907883398523,-0.402000080302215
25.17,1.91401893791265,5.32189357389213,4.84089496425921,-0.166249641144614,-0.459544170930518,-0.401699672577185
25.18,1.9123571126264,5.31729994752953,4.83687946816591,-0.166115356889922,-0.459180701097756,-0.401399452481975
25.19,1.91069662970581,5.3127099546538,4.83286697333607,-0.165981168053361,-0.45881747378631,-0.401099419927867
25.2,1.90903748819696,5.30812359284029,4.82885747789473,-0.16584707458494,-0.4584544888823,-0.400799574826188
25.21,1.90737968714642,5.3035408596655,4.82485097996781,-0.165713076434653,-0.458091746271848,-0.400499917088307
25.22,1.90572322560126,5.29896175270707,4.82084747768212,-0.165579173552469,-0.457729245841128,-0.400200446625637
25.23,1.90406810260904,5.29438626954377,4.81684696916534,-0.16544536588834,-0.457366987476327,-0.399901163349634
25.24,1.90241431721784,5.2898144077555,4.81284945254604,-0.165311653392197,-0.457004971063671,-0.399602067171798
25.25,1.90076186847623,5.28524616492331,4.8088549259537,-0.165178036013952,-0.456643196489405,-0.39930315800367
25.26,1.89911075543328,5.2806815386294,4.80486338751866,-0.165044513703498,-0.456281663639807,-0.399004435756836
25.27,1.89746097713855,5.27612052645708,4.80087483537214,-0.164911086410709,-0.455920372401184,-0.398705900342925
25.28,1.89581253264214,5.27156312599081,4.79688926764625,-0.164777754085441,-0.455559322659873,-0.398407551673606
25.29,1.8941654209946,5.26700933481618,4.79290668247399,-0.164644516677529,-0.455198514302233,-0.398109389660594
25.3,1.89251964124702,5.26245915051993,4.78892707798925,-0.164511374136794,-0.454837947214658,-0.397811414215646
25.31,1.89087519245097,5.25791257068993,4.78495045232678,-0.164378326413034,-0.454477621283562,-0.397513625250559
25.32,1.88923207365855,5.25336959291517,4.78097680362221,-0.164245373456034,-0.454117536395398,-0.397216022677177
25.33,1.88759028392232,5.2488302147858,4.77700613001209,-0.164112515215559,-0.453757692436634,-0.396918606407383
25.34,1.88594982229539,5.24429443389309,4.7730384296338,-0.163979751641357,-0.453398089293775,-0.396621376353103
25.35,1.88431068783132,5.23976224782945,4.76907370062564,-0.163847082683159,-0.453038726853357,-0.396324332426307
25.36,1.88267287958423,5.23523365418843,4.76511194112677,-0.16371450829068,-0.452679605001932,-0.396027474539006
25.37,1.8810363966087,5.23070865056469,4.76115314927723,-0.163582028413618,-0.452320723626095,-0.395730802603252
25.38,1.87940123795982,5.22618723455405,4.75719732321795,-0.163449643001654,-0.451962082612449,-0.395434316531142
25.39,1.87776740269321,5.22166940375346,4.75324446109073,-0.163317352004454,-0.451603681847648,-0.395138016234813
25.4,1.87613488986496,5.217155155761,4.74929456103825,-0.163185155371668,-0.451245521218348,-0.394841901626445
25.41,1.87450369853168,5.21264448817587,4.74534762120408,-0.16305305305293,-0.450887600611256,-0.39454597261826
25.42,1.87287382775048,5.20813739859842,4.74140363973264,-0.162921044997858,-0.450529919913097,-0.39425022912252
25.43,1.87124527657898,5.20363388463013,4.73746261476926,-0.162789131156056,-0.45017247901062,-0.393954671051531
25.44,1.8696180440753,5.19913394387361,4.73352454446012,-0.162657311477113,-0.449815277790605,-0.393659298317639
25.45,1.86799212929806,5.19463757393259,4.72958942695228,-0.162525585910602,-0.449458316139866,-0.393364110833234
25.46,1.86636753130638,5.19014477241196,4.7256572603937,-0.162393954406083,-0.449101593945227,-0.393069108510745
25.47,1.86474424915991,5.18565553691772,4.7217280429332,-0.162262416913101,-0.448745111093559,-0.392774291262645
25.48,1.86312228191877,5.181169865057,4.71780177272045,-0.162130973381186,-0.448388867471747,-0.392479659001445
25.49,1.86150162864361,5.17668775443807,4.71387844790604,-0.161999623759857,-0.448032862966709,-0.392185211639702
25.5,1.85988228839558,5.17220920267033,4.70995806664141,-0.161868367998617,-0.447677097465388,-0.391890949090011
25.51,1.85826426023632,5.1677342073643,4.70604062707886,-0.161737206046956,-0.447321570854756,-0.391596871265008
25.52,1.856647543228,5.16326276613166,4.7021261273716,-0.161606137854351,-0.446966283021813,-0.391302978077372
25.53,1.85503213643328,5.15879487658517,4.69821456567368,-0.161475163370265,-0.446611233853582,-0.391009269439823
25.54,1.85341803891531,5.15433053633877,4.69430594014004,-0.161344282544151,-0.446256423237115,-0.390715745265121
25.55,1.85180524973779,5.14986974300749,4.69040024892648,-0.161213495325446,-0.445901851059495,-0.390422405466067
25.56,1.85019376796488,5.14541249420752,4.68649749018969,-0.161082801663578,-0.445547517207822,-0.390129249955504
25.57,1.84858359266126,5.14095878755616,4.68259766208722,-0.160952201507961,-0.445193421569237,-0.389836278646314
25.58,1.84697472289214,5.13650862067184,4.67870076277748,-0.160821694807995,-0.444839564030892,-0.389543491451423
25.59,1.84536715772321,5.13206199117413,4.67480679041977,-0.160691281513074,-0.44448594447998,-0.389250888283794
25.6,1.84376089622066,5.12761889668371,4.67091574317425,-0.160560961572575,-0.444132562803708,-0.388958469056433
25.61,1.84215593745121,5.12317933482241,4.66702761920196,-0.160430734935866,-0.443779418889326,-0.388666233682386
25.62,1.84055228048207,5.11874330321317,4.6631424166648,-0.160300601552303,-0.443426512624093,-0.388374182074739
25.63,1.83894992438097,5.11431079948005,4.65926013372552,-0.160170561371234,-0.443073843895306,-0.388082314146619
25.64,1.83734886821613,5.10988182124826,4.65538076854779,-0.160040614341992,-0.442721412590282,-0.387790629811194
25.65,1.83574911105629,5.10545636614413,4.65150431929609,-0.159910760413903,-0.442369218596374,-0.38749912898167
25.66,1.83415065197069,5.10103443179511,4.64763078413581,-0.159780999536281,-0.442017261800951,-0.387207811571296
25.67,1.83255349002907,5.09661601582977,4.64376016123318,-0.159651331658429,-0.44166554209141,-0.38691667749336
25.68,1.8309576243017,5.09220111587782,4.63989244875533,-0.159521756729643,-0.441314059355181,-0.386625726661189
25.69,1.82936305385934,5.08778972957009,4.63602764487021,-0.159392274699206,-0.440962813479715,-0.386334958988153
25.7,1.82776977777325,5.08338185453854,4.63216574774668,-0.159262885516395,-0.440611804352491,-0.386044374387658
25.71,1.82617779511522,5.07897748841624,4.62830675555444,-0.159133589130475,-0.440261031861015,-0.385753972773154
25.72,1.82458710495753,5.07457662883741,4.62445066646406,-0.159004385490702,-0.439910495892821,-0.385463754058128
25.73,1.82299770637297,5.07017927343736,4.62059747864699,-0.158875274546324,-0.439560196335456,-0.385173718156108
25.74,1.82140959843484,5.06578541985256,4.61674719027551,-0.158746256246581,-0.439210133076514,-0.38488386498066
25.75,1.81982278021695,5.06139506572058,4.61289979952281,-0.158617330540703,-0.438860306003598,-0.384594194445393
25.76,1.81823725079361,5.05700820868012,4.6090553045629,-0.158488497377912,-0.438510715004346,-0.384304706463954
25.77,1.81665300923965,5.05262484637101,4.60521370357068,-0.158359756707423,-0.43816135996642,-0.384015400950027
25.78,1.81507005463039,5.04824497643421,4.60137499472192,-0.158231108478441,-0.437812240777509,-0.383726277817339
25.79,1.81348838604168,5.04386859651177,4.59753917619322,-0.158102552640164,-0.437463357325326,-0.383437336979655
25.8,1.81190800254987,5.03949570424689,4.59370624616206,-0.157974089141783,-0.437114709497611,-0.383148578350779
25.81,1.8103289032318,5.03512629728389,4.5898762028068,-0.157845717932482,-0.436766297182125,-0.382860001844555
25.82,1.80875108716484,5.03076037326822,4.58604904430663,-0.157717438961437,-0.436418120266662,-0.382571607374866
25.83,1.80717455342687,5.02639792984642,4.58222476884163,-0.157589252177816,-0.436070178639033,-0.382283394855634
25.84,1.80559930109626,5.02203896466619,4.5784033745927,-0.157461157530782,-0.435722472187091,-0.381995364200819
25.85,1.8040253292519,5.01768347537632,4.57458485974165,-0.15733315496949,-0.435375000798699,-0.381707515324423
25.86,1.80245263697318,5.01333145962674,4.57076922247111,-0.157205244443088,-0.435027764361751,-0.381419848140484
25.87,1.80088122334002,5.00898291506851,4.56695646096459,-0.157077425900721,-0.434680762764166,-0.381132362563079
25.88,1.79931108743283,5.00463783935377,4.56314657340646,-0.156949699291523,-0.434333995893889,-0.380845058506326
25.89,1.79774222833252,5.00029623013583,4.55933955798193,-0.156822064564627,-0.433987463638891,-0.38055793588438
25.9,1.79617464512054,4.99595808506909,4.5555354128771,-0.156694521669155,-0.433641165887167,-0.380270994611436
25.91,1.79460833687882,4.99162340180908,4.55173413627888,-0.156567070554228,-0.43329510252674,-0.379984234601726
25.92,1.7930433026898,4.98729217801244,4.5479357263751,-0.156439711168959,-0.432949273445653,-0.379697655769521
25.93,1.79147954163646,4.98296441133695,4.54414018135439,-0.156312443462456,-0.432603678531978,-0.379411258029132
25.94,1.78991705280224,4.97864009944148,4.54034749940626,-0.156185267383823,-0.432258317673821,-0.379125041294906
25.95,1.78835583527114,4.97431923998603,4.53655767872109,-0.156058182882159,-0.431913190759293,-0.378839005481231
25.96,1.78679588812763,4.97000183063175,4.5327707174901,-0.155931189906555,-0.431568297676544,-0.378553150502531
25.97,1.78523721045671,4.96568786904086,4.52898661390535,-0.155804288406103,-0.431223638313755,-0.37826747627327
25.98,1.78367980134388,4.96137735287672,4.5252053661598,-0.155677478329886,-0.430879212559112,-0.377981982707949
25.99,1.78212365987516,4.95707027980381,4.52142697244721,-0.155550759626984,-0.430535020300847,-0.377696669721108
26,1.78056878513705,4.95276664748774,4.51765143096224,-0.155424132246474,-0.430191061427208,-0.377411537227324
26.01,1.77901517621661,4.9484664535952,4.51387873990039,-0.155297596137429,-0.429847335826462,-0.377126585141213
26.02,1.77746283220136,4.94416969579404,4.510108897458,-0.155171151248916,-0.429503843386911,-0.376841813377429
26.03,1.77591175217935,4.93987637175319,4.50634190183227,-0.155044797530001,-0.429160583996879,-0.376557221850662
26.04,1.77436193523915,4.93558647914272,4.50257775122126,-0.154918534929746,-0.428817557544709,-0.376272810475643
26.05,1.77281338046981,4.93130001563381,4.49881644382388,-0.154792363397208,-0.428474763918779,-0.375988579167137
26.06,1.77126608696093,4.92701697889876,4.4950579778399,-0.154666282881443,-0.428132203007483,-0.375704527839951
26.07,1.76972005380258,4.92273736661097,4.49130235146992,-0.154540293331504,-0.427789874699244,-0.375420656408926
26.08,1.76817528008536,4.91846117644498,4.4875495629154,-0.154414394696439,-0.427447778882511,-0.375136964788942
26.09,1.76663176490039,4.91418840607642,4.48379961037867,-0.154288586925296,-0.427105915445752,-0.374853452894917
26.1,1.76508950733926,4.90991905318206,4.48005249206288,-0.154162869967119,-0.426764284277465,-0.374570120641805
26.11,1.76354850649411,4.90565311543977,4.47630820617206,-0.154037243770951,-0.426422885266173,-0.374286967944598
26.12,1.76200876145758,4.90139059052854,4.47256675091107,-0.15391170828583,-0.426081718300417,-0.374003994718327
26.13,1.7604702713228,4.89713147612846,4.46882812448562,-0.153786263460796,-0.425740783268772,-0.373721200878057
26.14,1.75893303518343,4.89287576992076,4.46509232510228,-0.153660909244883,-0.425400080059829,-0.373438586338893
26.15,1.75739705213364,4.88862346958776,4.46135935096846,-0.153535645587128,-0.42505960856221,-0.373156151015975
26.16,1.75586232126809,4.88437457281291,4.45762920029242,-0.153410472436562,-0.424719368664555,-0.372873894824483
26.17,1.75432884168198,4.88012907728076,4.45390187128328,-0.153285389742218,-0.424379360255533,-0.372591817679632
26.18,1.75279661247098,4.87588698067699,4.45017736215099,-0.153160397453125,-0.424039583223833,-0.372309919496672
26.19,1.75126563273132,4.87164828068837,4.44645567110635,-0.153035495518313,-0.423700037458178,-0.372028200190894
26.2,1.74973590155968,4.86741297500281,4.44273679636102,-0.15291068388681,-0.423360722847303,-0.371746659677624
26.21,1.74820741805331,4.86318106130932,4.43902073612749,-0.152785962507644,-0.423021639279976,-0.371465297872223
26.22,1.74668018130993,4.85895253729801,4.43530748861911,-0.152661331329841,-0.422682786644985,-0.371184114690091
26.23,1.74515419042778,4.85472740066011,4.43159705205007,-0.152536790302428,-0.422344164831141,-0.370903110046665
26.24,1.74362944450561,4.85050564908798,4.42788942463541,-0.152412339374432,-0.422005773727282,-0.370622283857417
26.25,1.74210594264268,4.84628728027506,4.42418460459099,-0.152287978494877,-0.421667613222274,-0.370341636037856
26.26,1.74058368393877,4.84207229191593,4.42048259013356,-0.15216370761279,-0.421329683204996,-0.370061166503528
26.27,1.73906266749415,4.83786068170626,4.41678337948068,-0.152039526677197,-0.420991983564361,-0.369780875170014
26.28,1.73754289240961,4.83365244734284,4.41308697085076,-0.151915435637124,-0.420654514189295,-0.369500761952934
26.29,1.73602435778646,4.82944758652357,4.40939336246306,-0.151791434441597,-0.420317274968768,-0.369220826767941
26.3,1.73450706272649,4.82524609694747,4.40570255253769,-0.151667523039644,-0.41998026579175,-0.368941069530727
26.31,1.73299100633204,4.82104797631464,4.40201453929557,-0.151543701380292,-0.419643486547251,-0.368661490157019
26.32,1.73147618770593,4.81685322232633,4.39832932095851,-0.151419969412571,-0.419306937124299,-0.368382088562579
26.33,1.72996260595149,4.81266183268487,4.39464689574913,-0.151296327085508,-0.418970617411946,-0.368102864663207
26.34,1.72845026017258,4.80847380509371,4.39096726189089,-0.151172774348136,-0.418634527299272,-0.367823818374739
26.35,1.72693914947356,4.8042891372574,4.38729041760812,-0.151049311149486,-0.418298666675371,-0.367544949613045
26.36,1.72542927295928,4.80010782688162,4.38361636112596,-0.150925937438591,-0.417963035429369,-0.367266258294032
26.37,1.72392062973514,4.79592987167314,4.3799450906704,-0.150802653164485,-0.417627633450413,-0.366987744333644
26.38,1.722413218907,4.79175526933984,4.37627660446829,-0.150679458276206,-0.417292460627673,-0.366709407647858
26.39,1.72090703958128,4.78758401759071,4.37261090074729,-0.15055635272279,-0.416957516850346,-0.36643124815269
26.4,1.71940209086488,4.78341611413587,4.36894797773592,-0.150433336453279,-0.416622802007647,-0.36615326576419
26.41,1.71789837186521,4.7792515566865,4.36528783366352,-0.150310409416714,-0.41628831598882,-0.365875460398441
26.42,1.71639588169021,4.77509034295493,4.3616304667603,-0.150187571562139,-0.41595405868313,-0.365597831971567
26.43,1.71489461944829,4.77093247065459,4.35797587525728,-0.1500648228386,-0.415620029979863,-0.365320380399723
26.44,1.71339458424841,4.76677793749999,4.35432405738634,-0.149942163195147,-0.415286229768329,-0.365043105599101
26.45,1.71189577520002,4.76262674120678,4.35067501138017,-0.149819592580831,-0.414952657937868,-0.364766007485929
26.46,1.71039819141309,4.7584788794917,4.34702873547232,-0.149697110944706,-0.414619314377832,-0.364489085976469
26.47,1.70890183199808,4.75433435007259,4.34338522789717,-0.149574718235829,-0.414286198977604,-0.364212340987019
26.48,1.70740669606599,4.75019315066842,4.33974448688995,-0.149452414403261,-0.413953311626597,-0.363935772433912
26.49,1.70591278272829,4.74605527899924,4.3361065106867,-0.149330199396062,-0.413620652214229,-0.363659380233516
26.5,1.704420091097,4.74192073278622,4.33247129752432,-0.149208073163301,-0.413288220629954,-0.363383164302235
26.51,1.70292862028462,4.73778950975163,4.32883884564053,-0.149086035654046,-0.41295601676325,-0.363107124556506
26.52,1.70143836940417,4.73366160761885,4.3252091532739,-0.148964086817371,-0.41262404050361,-0.362831260912803
26.53,1.69994933756918,4.72953702411236,4.32158221866382,-0.148842226602351,-0.412292291740556,-0.362555573287633
26.54,1.69846152389369,4.72541575695775,4.31795804005052,-0.148720454958068,-0.411960770363631,-0.36228006159754
26.55,1.69697492749224,4.72129780388171,4.31433661567508,-0.148598771833604,-0.411629476262403,-0.362004725759102
26.56,1.69548954747989,4.71718316261202,4.31071794377938,-0.148477177178048,-0.411298409326459,-0.36172956568893
26.57,1.69400538297221,4.71307183087761,4.30710202260617,-0.148355670940493,-0.410967569445411,-0.361454581303671
26.58,1.69252243308528,4.70896380640845,4.30348885039902,-0.148234253070033,-0.410636956508897,-0.361179772520009
26.59,1.69104069693566,4.70485908693567,4.29987842540231,-0.14811292351577,-0.410306570406576,-0.360905139254657
26.6,1.68956017364046,4.70075767019147,4.29627074586129,-0.147991682226809,-0.409976411028125,-0.360630681424368
26.61,1.68808086231729,4.69665955390917,4.29266581002202,-0.147870529152259,-0.409646478263252,-0.360356398945926
26.62,1.68660276208424,4.69256473582317,4.2890636161314,-0.147749464241233,-0.409316772001677,-0.360082291736151
26.63,1.68512587205993,4.688473213669,4.28546416243716,-0.147628487442852,-0.408987292133159,-0.359808359711897
26.64,1.6836501913635,4.68438498518329,4.28186744718785,-0.147507598706239,-0.408658038547464,-0.359534602790051
26.65,1.68217571911459,4.68030004810374,4.27827346863288,-0.147386797980522,-0.408329011134387,-0.359261020887537
26.66,1.68070245443333,4.6762184001692,4.27468222502245,-0.147266085214835,-0.408000209783747,-0.35898761392131
26.67,1.67923039644038,4.67214003911957,4.27109371460763,-0.147145460358319,-0.40767163438538,-0.358714381808361
26.68,1.67775954425691,4.6680649626959,4.26750793564029,-0.147024923360116,-0.407343284829153,-0.358441324465715
26.69,1.67628989700458,4.66399316864031,4.26392488637314,-0.146904474169378,-0.407015161004949,-0.358168441810431
26.7,1.67482145380557,4.65992465469603,4.26034456505974,-0.146784112735259,-0.406687262802676,-0.357895733759601
26.71,1.67335421378258,4.65585941860739,4.25676696995444,-0.146663839006921,-0.406359590112264,-0.357623200230351
26.72,1.67188817605879,4.65179745811983,4.25319209931245,-0.146543652933532,-0.406032142823662,-0.357350841139841
26.73,1.67042333975791,4.64773877097987,4.24961995138978,-0.146423554464263,-0.405704920826854,-0.357078656405267
26.74,1.66895970400416,4.64368335493516,4.24605052444331,-0.146303543548294,-0.405377924011826,-0.356806645943855
26.75,1.66749726792226,4.63963120773441,4.2424838167307,-0.146183620134811,-0.405051152268608,-0.356534809672866
26.76,1.66603603063743,4.63558232712746,4.23891982651047,-0.146063784173004,-0.404724605487233,-0.356263147509597
26.77,1.66457599127542,4.63153671086525,4.23535855204195,-0.145944035612071,-0.404398283557769,-0.355991659371375
26.78,1.66311714896246,4.62749435669981,4.23179999158531,-0.145824374401218,-0.404072186370302,-0.355720345175563
26.79,1.66165950282531,4.62345526238425,4.22824414340154,-0.145704800489653,-0.403746313814944,-0.355449204839555
26.8,1.66020305199124,4.61941942567282,4.22469100575244,-0.145585313826595,-0.40342066578182,-0.355178238280782
26.81,1.658747795588,4.61538684432084,4.22114057690066,-0.145465914361268,-0.40309524216109,-0.354907445416705
26.82,1.65729373274388,4.61135751608474,4.21759285510967,-0.145346602042903,-0.402770042842926,-0.354636826164819
26.83,1.65584086258766,4.60733143872203,4.21404783864376,-0.145227376820737,-0.402445067717527,-0.354366380442653
26.84,1.65438918424864,4.60330860999134,4.21050552576803,-0.145108238644017,-0.402120316675111,-0.35409610816777
26.85,1.6529386968566,4.59928902765239,4.20696591474843,-0.144989187461995,-0.401795789605918,-0.353826009257763
26.86,1.65148939954186,4.595272689466,4.20342900385173,-0.14487022322393,-0.401471486400214,-0.353556083630262
26.87,1.65004129143524,4.59125959319408,4.19989479134551,-0.14475134587909,-0.401147406948281,-0.353286331202927
26.88,1.64859437166805,4.58724973659963,4.19636327549817,-0.144632555376748,-0.400823551140432,-0.353016751893453
26.89,1.64714863937212,4.58324311744677,4.19283445457896,-0.144513851666188,-0.40049991886699,-0.352747345619566
26.9,1.64570409367978,4.5792397335007,4.18930832685793,-0.144395234696699,-0.400176510018311,-0.352478112299026
26.91,1.64426073372389,4.57523958252773,4.18578489060594,-0.144276704417579,-0.399853324484765,-0.352209051849626
26.92,1.64281855863779,4.57124266229524,4.18226414409472,-0.144158260778133,-0.399530362156752,-0.35194016418919
26.93,1.64137756755533,4.56724897057174,4.17874608559676,-0.144039903727675,-0.399207622924683,-0.351671449235577
26.94,1.63993775961088,4.5632585051268,4.17523071338543,-0.143921633215526,-0.398885106679,-0.351402906906678
26.95,1.63849913393931,4.55927126373112,4.17171802573487,-0.143803449191018,-0.398562813310165,-0.351134537120416
26.96,1.637061689676,4.55528724415648,4.16820802092008,-0.143685351603486,-0.398240742708653,-0.350866339794746
26.97,1.63562542595683,4.55130644417574,4.16470069721686,-0.14356734040228,-0.397918894764972,-0.350598314847658
26.98,1.63419034191819,4.54732886156287,4.16119605290183,-0.143449415536752,-0.397597269369654,-0.35033046219717
26.99,1.63275643669697,4.54335449409295,4.15769408625243,-0.143331576956268,-0.397275866413235,-0.350062781761337
27,1.63132370943059,4.53938333954213,4.15419479554694,-0.143213824610199,-0.396954685786291,-0.349795273458243
27.01,1.62989215925694,4.53541539568765,4.15069817906442,-0.143096158447927,-0.396633727379408,-0.349527937206007
27.02,1.62846178531444,4.53145066030787,4.14720423508479,-0.142978578418841,-0.396312991083202,-0.349260772922778
27.03,1.62703258674201,4.52748913118224,4.14371296188875,-0.14286108447234,-0.395992476788302,-0.348993780526738
27.04,1.62560456267909,4.52353080609127,4.14022435775785,-0.142743676557832,-0.395672184385373,-0.348726959936101
27.05,1.6241777122656,4.5195756828166,4.13673842097445,-0.142626354624735,-0.395352113765075,-0.348460311069114
27.06,1.62275203464198,4.51562375914095,4.13325514982171,-0.142509118622474,-0.395032264818121,-0.348193833844054
27.07,1.62132752894918,4.51167503284813,4.12977454258362,-0.142391968500485,-0.394712637435223,-0.347927528179231
27.08,1.61990419432864,4.50772950172304,4.12629659754499,-0.142274904208214,-0.394393231507122,-0.347661393992988
27.09,1.61848202992233,4.5037871635517,4.12282131299144,-0.142157925695115,-0.39407404692458,-0.347395431203699
27.1,1.6170610348727,4.49984801612117,4.11934868720941,-0.142041032910651,-0.393755083578385,-0.347129639729768
27.11,1.61564120832271,4.49591205721966,4.11587871848615,-0.141924225804298,-0.393436341359337,-0.346864019489634
27.12,1.61422254941585,4.49197928463643,4.11241140510974,-0.141807504325537,-0.393117820158262,-0.346598570401766
27.13,1.61280505729608,4.48804969616185,4.10894674536905,-0.141690868423864,-0.392799519866008,-0.346333292384663
27.14,1.61138873110789,4.48412328958738,4.10548473755379,-0.14157431804878,-0.39248144037345,-0.346068185356859
27.15,1.60997356999626,4.48020006270556,4.10202537995447,-0.1414578531498,-0.392163581571466,-0.345803249236918
27.16,1.60855957310669,4.47628001331003,4.09856867086243,-0.141341473676447,-0.391845943350977,-0.345538483943435
27.17,1.60714673958518,4.47236313919554,4.09511460856979,-0.141225179578255,-0.391528525602909,-0.345273889395036
27.18,1.60573506857821,4.46844943815788,4.09166319136953,-0.141108970804768,-0.391211328218217,-0.34500946551038
27.19,1.6043245592328,4.46453890799399,4.0882144175554,-0.140992847305539,-0.390894351087878,-0.344745212208156
27.2,1.60291521069646,4.46063154650186,4.08476828542198,-0.140876809030134,-0.390577594102883,-0.344481129407086
27.21,1.60150702211719,4.45672735148057,4.08132479326469,-0.140760855928129,-0.390261057154251,-0.34421721702592
27.22,1.60009999264353,4.45282632073032,4.07788393937971,-0.140644987949108,-0.389944740133023,-0.343953474983443
27.23,1.59869412142448,4.44892845205237,4.07444572206407,-0.140529205042669,-0.389628642930251,-0.343689903198469
27.24,1.59728940760958,4.44503374324909,4.0710101396156,-0.140413507158419,-0.389312765437022,-0.343426501589843
27.25,1.59588585034886,4.44114219212392,4.06757719033295,-0.140297894245976,-0.388997107544428,-0.343163270076442
27.26,1.59448344879285,4.43725379648139,4.06414687251556,-0.14018236625497,-0.388681669143593,-0.342900208577174
27.27,1.59308220209258,4.43336855412715,4.0607191844637,-0.140066923135041,-0.388366450125666,-0.342637317010976
27.28,1.59168210939961,4.4294864628679,4.05729412447844,-0.13995156483584,-0.3880514503818,-0.342374595296819
27.29,1.59028316986596,4.42560752051144,4.05387169086167,-0.139836291307029,-0.387736669803189,-0.342112043353701
27.3,1.58888538264419,4.42173172486667,4.05045188191608,-0.139721102498283,-0.387422108281031,-0.341849661100655
27.31,1.58748874688736,4.41785907374356,4.04703469594518,-0.139605998359286,-0.387107765706557,-0.341587448456742
27.32,1.58609326174901,4.41398956495319,4.04362013125328,-0.139490978839734,-0.386793641971009,-0.341325405341054
27.33,1.5846989263832,4.41012319630771,4.0402081861455,-0.139376043889337,-0.386479736965658,-0.341063531672715
27.34,1.58330573994449,4.40625996562036,4.03679885892778,-0.139261193457813,-0.386166050581787,-0.340801827370877
27.35,1.58191370158795,4.40239987070546,4.03339214790684,-0.139146427494894,-0.385852582710711,-0.340540292354726
27.36,1.58052281046913,4.39854290937844,4.02998805139024,-0.139031745950322,-0.385539333243754,-0.340278926543475
27.37,1.57913306574411,4.39468907945579,4.02658656768634,-0.138917148773853,-0.385226302072268,-0.340017729856371
27.38,1.57774446656946,4.39083837875511,4.02318769510429,-0.138802635915252,-0.384913489087626,-0.339756702212688
27.39,1.57635701210225,4.38699080509507,4.01979143195406,-0.138688207324299,-0.384600894181223,-0.339495843531732
27.4,1.57497070150004,4.38314635629542,4.01639777654644,-0.138573862950783,-0.384288517244463,-0.339235153732839
27.41,1.57358553392093,4.37930503017702,4.013006727193,-0.138459602744508,-0.383976358168781,-0.338974632735376
27.42,1.57220150852349,4.3754668245618,4.00961828220612,-0.138345426655287,-0.383664416845634,-0.33871428045874
27.43,1.57081862446679,4.37163173727278,4.00623243989902,-0.13823133463295,-0.383352693166491,-0.338454096822356
27.44,1.56943688091043,4.36779976613405,4.00284919858568,-0.138117326627333,-0.383041187022854,-0.338194081745683
27.45,1.56805627701448,4.3639709089708,3.99946855658091,-0.13800340258829,-0.382729898306227,-0.337934235148206
27.46,1.56667681193952,4.36014516360932,3.99609051220032,-0.137889562465683,-0.382418826908154,-0.337674556949444
27.47,1.56529848484665,4.35632252787695,3.99271506376033,-0.137775806209391,-0.382107972720185,-0.337415047068942
27.48,1.56392129489745,4.35250299960213,3.98934220957816,-0.137662133769302,-0.381797335633901,-0.337155705426277
27.49,1.56254524125402,4.34868657661439,3.98597194797182,-0.137548545095319,-0.381486915540895,-0.336896531941057
27.5,1.56117032307893,4.34487325674434,3.98260427726016,-0.137435040137354,-0.381176712332788,-0.336637526532917
27.51,1.55979653953528,4.34106303782368,3.97923919576279,-0.137321618845337,-0.380866725901213,-0.336378689121524
27.52,1.55842388978666,4.33725591768517,3.97587670180015,-0.137208281169207,-0.380556956137831,-0.336120019626574
27.53,1.55705237299716,4.33345189416268,3.97251679369348,-0.137095027058919,-0.380247402934315,-0.335861517967793
27.54,1.55568198833137,4.32965096509115,3.96915946976482,-0.136981856464436,-0.379938066182369,-0.335603184064935
27.55,1.55431273495439,4.32585312830661,3.96580472833701,-0.13686876933574,-0.379628945773707,-0.335345017837786
27.56,1.55294461203181,4.32205838164616,3.96245256773369,-0.136755765622822,-0.379320041600076,-0.33508701920616
27.57,1.55157761872971,4.318266722948,3.95910298627931,-0.136642845275689,-0.379011353553226,-0.334829188089902
27.58,1.5502117542147,4.3144781500514,3.95575598229912,-0.136530008244358,-0.378702881524941,-0.334571524408883
27.59,1.54884701765386,4.31069266079671,3.95241155411916,-0.136417254478862,-0.378394625407019,-0.334314028083008
27.6,1.54748340821478,4.30691025302538,3.94906970006628,-0.136304583929248,-0.378086585091279,-0.334056699032207
27.61,1.54612092506555,4.30313092457991,3.94573041846814,-0.136191996545573,-0.377778760469559,-0.333799537176444
27.62,1.54475956737477,4.29935467330392,3.94239370765317,-0.13607949227791,-0.377471151433728,-0.333542542435707
27.63,1.54339933431153,4.29558149704208,3.93905956595064,-0.135967071076346,-0.377163757875658,-0.333285714730017
27.64,1.5420402250454,4.29181139364016,3.93572799169059,-0.13585473289098,-0.37685657968725,-0.333029053979423
27.65,1.54068223874649,4.288044360945,3.93239898320387,-0.135742477671926,-0.37654961676043,-0.332772560104003
27.66,1.53932537458537,4.28428039680452,3.92907253882213,-0.135630305369311,-0.376242868987129,-0.332516233023865
27.67,1.53796963173314,4.28051949906773,3.9257486568778,-0.135518215933276,-0.375936336259313,-0.332260072659144
27.68,1.53661500936136,4.27676166558471,3.92242733570415,-0.135406209313977,-0.375630018468964,-0.332004078930006
27.69,1.53526150664213,4.27300689420663,3.91910857363521,-0.135294285461582,-0.375323915508081,-0.331748251756644
27.7,1.53390912274803,4.26925518278574,3.91579236900582,-0.135182444326274,-0.375018027268686,-0.331492591059282
27.71,1.53255785685213,4.26550652917536,3.91247872015162,-0.13507068585825,-0.374712353642814,-0.331237096758172
27.72,1.53120770812801,4.2617609312299,3.90916762540905,-0.134959010007722,-0.374406894522532,-0.330981768773594
27.73,1.52985867574974,4.25801838680483,3.90585908311533,-0.134847416724915,-0.374101649799916,-0.330726607025858
27.74,1.5285107588919,4.25427889375672,3.90255309160851,-0.134735905960069,-0.373796619367066,-0.330471611435302
27.75,1.52716395672955,4.25054244994321,3.89924964922741,-0.134624477663437,-0.373491803116106,-0.330216781922292
27.76,1.52581826843827,4.24680905322303,3.89594875431164,-0.134513131785288,-0.373187200939171,-0.329962118407224
27.77,1.5244736931941,4.24307870145597,3.89265040520163,-0.134401868275905,-0.372882812728425,-0.329707620810522
27.78,1.52313023017362,4.23935139250291,3.88935460023859,-0.134290687085584,-0.372578638376047,-0.329453289052638
27.79,1.52178787855388,4.2356271242258,3.88606133776453,-0.134179588164639,-0.372274677774237,-0.329199123054053
27.8,1.52044663751244,4.23190589448768,3.88277061612226,-0.134068571463395,-0.37197093081521,-0.328945122735277
27.81,1.51910650622735,4.22818770115266,3.87948243365537,-0.133957636932194,-0.371667397391207,-0.328691288016848
27.82,1.51776748387715,4.22447254208592,3.87619678870825,-0.13384678452139,-0.371364077394492,-0.32843761881933
27.83,1.51642956964089,4.22076041515374,3.87291367962611,-0.133736014181355,-0.371060970717336,-0.328184115063321
27.84,1.51509276269811,4.21705131822345,3.86963310475491,-0.133625325862474,-0.370758077252045,-0.32793077666944
27.85,1.51375706222884,4.21334524916348,3.86635506244143,-0.133514719515148,-0.370455396890932,-0.32767760355834
27.86,1.51242246741363,4.20964220584332,3.86307955103324,-0.133404195089791,-0.370152929526336,-0.3274245956507
27.87,1.51108897743349,4.20594218613354,3.85980656887871,-0.133293752536835,-0.369850675050613,-0.327171752867226
27.88,1.50975659146995,4.2022451879058,3.85653611432698,-0.133183391806723,-0.369548633356144,-0.326919075128654
27.89,1.50842530870503,4.19855120903282,3.85326818572801,-0.133073112849916,-0.36924680433532,-0.326666562355748
27.9,1.50709512832124,4.1948602473884,3.85000278143253,-0.132962915616891,-0.368945187880565,-0.326414214469299
27.91,1.5057660495016,4.19117230084742,3.84673989979208,-0.132852800058137,-0.36864378388431,-0.326162031390125
27.92,1.5044380714296,4.18748736728582,3.84347953915898,-0.13274276612416,-0.368342592239014,-0.325910013039074
27.93,1.50311119328925,4.18380544458065,3.84022169788634,-0.132632813765483,-0.368041612837149,-0.325658159337021
27.94,1.50178541426504,4.18012653061,3.83696637432806,-0.13252294293264,-0.367740845571211,-0.325406470204868
27.95,1.50046073354197,4.17645062325304,3.83371356683885,-0.132413153576185,-0.367440290333715,-0.325154945563548
27.96,1.4991371503055,4.17277772039005,3.8304632737742,-0.132303445646685,-0.36713994701719,-0.324903585334017
27.97,1.49781466374163,4.16910781990233,3.82721549349037,-0.132193819094722,-0.366839815514199,-0.324652389437262
27.98,1.49649327303682,4.16544091967229,3.82397022434443,-0.132084273870896,-0.366539895717309,-0.324401357794296
27.99,1.49517297737803,4.16177701758341,3.82072746469425,-0.13197480992582,-0.366240187519111,-0.324150490326161
28,1.49385377595273,4.15811611152024,3.81748721289847,-0.131865427210125,-0.36594069081222,-0.323899786953926
28.01,1.49253566794888,4.1544581993684,3.81424946731652,-0.131756125674455,-0.365641405489269,-0.323649247598686
28.02,1.49121865255491,4.15080327901459,3.81101422630863,-0.131646905269473,-0.365342331442903,-0.323398872181566
28.03,1.48990272895976,4.14715134834658,3.8077814882358,-0.131537765945854,-0.365043468565797,-0.323148660623717
28.04,1.48858789635287,4.14350240525321,3.80455125145986,-0.131428707654293,-0.364744816750639,-0.322898612846318
28.05,1.48727415392417,4.1398564476244,3.80132351434337,-0.131319730345497,-0.364446375890141,-0.322648728770575
28.06,1.48596150086407,4.13621347335114,3.79809827524972,-0.131210833970192,-0.364148145877027,-0.32239900831772
28.07,1.48464993636348,4.1325734803255,3.79487553254308,-0.131102018479118,-0.363850126604048,-0.322149451409015
28.08,1.48333945961381,4.1289364664406,3.79165528458839,-0.130993283823032,-0.363552317963973,-0.321900057965747
28.09,1.48203006980696,4.12530242959066,3.7884375297514,-0.130884629952707,-0.363254719849586,-0.321650827909231
28.1,1.48072176613531,4.12167136767095,3.78522226639863,-0.130776056818932,-0.362957332153691,-0.32140176116081
28.11,1.47941454779174,4.11804327857782,3.78200949289739,-0.130667564372513,-0.362660154769116,-0.321152857641852
28.12,1.47810841396962,4.1144181602087,3.77879920761578,-0.13055915256427,-0.362363187588704,-0.320904117273754
28.13,1.47680336386282,4.11079601046209,3.77559140892269,-0.130450821345041,-0.36206643050532,-0.32065553997794
28.14,1.4754993966657,4.10717682723753,3.77238609518778,-0.130342570665681,-0.361769883411847,-0.320407125675858
28.15,1.4741965115731,4.10356060843568,3.76918326478152,-0.130234400477059,-0.361473546201191,-0.320158874288987
28.16,1.47289470778036,4.09994735195824,3.76598291607513,-0.130126310730062,-0.361177418766267,-0.31991078573883
28.17,1.4715939844833,4.09633705570799,3.76278504744065,-0.130018301375594,-0.360881501000023,-0.319662859946918
28.18,1.47029434087825,4.09272971758877,3.75958965725088,-0.129910372364575,-0.360585792795415,-0.31941509683481
28.19,1.46899577616203,4.08912533550551,3.75639674387943,-0.129802523647939,-0.360290294045421,-0.319167496324089
28.2,1.46769828953192,4.08552390736418,3.75320630570066,-0.129694755176641,-0.359995004643042,-0.318920058336367
28.21,1.46640188018572,4.08192543107186,3.75001834108974,-0.12958706690165,-0.359699924481295,-0.318672782793282
28.22,1.46510654732172,4.07832990453667,3.74683284842261,-0.129479458773951,-0.359405053453219,-0.318425669616497
28.23,1.46381229013868,4.07473732566781,3.74364982607601,-0.129371930744547,-0.359110391451867,-0.318178718727705
28.24,1.46251910783587,4.07114769237555,3.74046927242744,-0.129264482764458,-0.358815938370316,-0.317931930048623
28.25,1.46122699961304,4.06756100257121,3.7372911858552,-0.129157114784721,-0.358521694101659,-0.317685303500995
28.26,1.45993596467043,4.06397725416722,3.73411556473837,-0.129049826756388,-0.358227658539016,-0.317438839006591
28.27,1.45864600220877,4.06039644507703,3.7309424074568,-0.128942618630529,-0.357933831575512,-0.317192536487209
28.28,1.45735711142928,4.0568185732152,3.72777171239113,-0.128835490358231,-0.357640213104299,-0.316946395864673
28.29,1.45606929153367,4.05324363649733,3.72460347792279,-0.128728441890598,-0.357346803018554,-0.316700417060832
28.3,1.45478254172414,4.04967163284011,3.72143770243398,-0.12862147317875,-0.357053601211466,-0.316454599997562
28.31,1.45349686120337,4.04610256016128,3.71827438430768,-0.128514584173826,-0.356760607576237,-0.316208944596767
28.32,1.45221224917453,4.04253641637966,3.71511352192767,-0.128407774826981,-0.356467822006102,-0.315963450780374
28.33,1.4509287048413,4.03897319941512,3.71195511367848,-0.128301045089386,-0.356175244394307,-0.315718118470338
28.34,1.44964622740782,4.03541290718863,3.70879915794544,-0.12819439491223,-0.355882874634117,-0.315472947588641
28.35,1.44836481607873,4.03185553762219,3.70564565311467,-0.12808782424672,-0.355590712618817,-0.315227938057289
28.36,1.44708447005916,4.0283010886389,3.70249459757304,-0.127981333044078,-0.355298758241713,-0.314983089798317
28.37,1.44580518855472,4.02474955816289,3.69934598970822,-0.127874921255548,-0.355007011396126,-0.314738402733783
28.38,1.44452697077152,4.0212009441194,3.69619982790866,-0.127768588832385,-0.354715471975397,-0.314493876785773
28.39,1.44324981591615,4.01765524443471,3.69305611056358,-0.127662335725865,-0.354424139872894,-0.314249511876397
28.4,1.44197372319568,4.01411245703616,3.68991483606298,-0.127556161887281,-0.354133014981991,-0.314005307927794
28.41,1.44069869181768,4.01057257985217,3.68677600279765,-0.127450067267944,-0.353842097196092,-0.313761264862126
28.42,1.43942472099019,4.00703561081223,3.68363960915914,-0.127344051819181,-0.35355138640861,-0.313517382601582
28.43,1.43815180992177,4.00350154784689,3.68050565353979,-0.127238115492336,-0.353260882512986,-0.313273661068377
28.44,1.43687995782142,3.99997038888775,3.67737413433273,-0.127132258238772,-0.352970585402678,-0.313030100184751
28.45,1.43560916389866,3.9964421318675,3.67424504993183,-0.127026480009871,-0.352680494971157,-0.31278669987297
28.46,1.43433942736348,3.99291677471988,3.67111839873177,-0.126920780757028,-0.35239061111192,-0.312543460055328
28.47,1.43307074742638,3.98939431537971,3.667994179128,-0.126815160431659,-0.352100933718476,-0.31230038065414
28.48,1.43180312329831,3.98587475178285,3.66487238951675,-0.126709618985198,-0.351811462684359,-0.312057461591751
28.49,1.43053655419072,3.98235808186625,3.661753028295,-0.126604156369095,-0.351522197903121,-0.311814702790528
28.5,1.42927103931557,3.9788443035679,3.65863609386054,-0.126498772534818,-0.351233139268328,-0.311572104172867
28.51,1.42800657788527,3.97533341482688,3.65552158461192,-0.126393467433853,-0.350944286673572,-0.311329665661188
28.52,1.42674316911273,3.97182541358332,3.65240949894847,-0.126288241017704,-0.350655640012461,-0.311087387177934
28.53,1.42548081221135,3.96832029777841,3.6492998352703,-0.126183093237893,-0.350367199178617,-0.310845268645578
28.54,1.42421950639501,3.96481806535441,3.64619259197827,-0.126078024045959,-0.350078964065688,-0.310603309986615
28.55,1.42295925087806,3.96131871425465,3.64308776747404,-0.125973033393459,-0.349790934567339,-0.310361511123566
28.56,1.42170004487535,3.95782224242351,3.63998536016004,-0.12586812123197,-0.34950311057725,-0.310119871978979
28.57,1.42044188760223,3.95432864780643,3.63688536843948,-0.125763287513084,-0.349215491989124,-0.309878392475426
28.58,1.41918477827449,3.95083792834994,3.63378779071633,-0.125658532188412,-0.348928078696682,-0.309637072535502
28.59,1.41792871610845,3.9473500820016,3.63069262539534,-0.125553855209584,-0.348640870593661,-0.309395912081833
28.6,1.41667370032089,3.94386510671005,3.62759987088203,-0.125449256528247,-0.348353867573822,-0.309154911037063
28.61,1.41541973012907,3.94038300042499,3.6245095255827,-0.125344736096066,-0.348067069530938,-0.308914069323867
28.62,1.41416680475074,3.93690376109718,3.62142158790443,-0.125240293864724,-0.347780476358809,-0.308673386864943
28.63,1.41291492340414,3.93342738667845,3.61833605625506,-0.125135929785924,-0.347494087951244,-0.308432863583012
28.64,1.41166408530798,3.92995387512168,3.6152529290432,-0.125031643811385,-0.347207904202084,-0.308192499400824
28.65,1.41041428968145,3.92648322438081,3.61217220467824,-0.124927435892844,-0.346921925005172,-0.30795229424115
28.66,1.40916553574425,3.92301543241086,3.60909388157034,-0.124823305982059,-0.346636150254384,-0.307712248026789
28.67,1.40791782271654,3.91955049716789,3.60601795813044,-0.124719254030803,-0.34635057984361,-0.307472360680563
28.68,1.40667114981895,3.91608841660904,3.60294443277023,-0.124615279990868,-0.346065213666755,-0.307232632125321
28.69,1.40542551627262,3.91262918869249,3.5998733039022,-0.124511383814067,-0.345780051617748,-0.306993062283933
28.7,1.40418092129916,3.9091728113775,3.5968045699396,-0.124407565452229,-0.345495093590536,-0.306753651079298
28.71,1.40293736412066,3.90571928262438,3.59373822929643,-0.1243038248572,-0.345210339479081,-0.306514398434338
28.72,1.40169484395969,3.9022686003945,3.59067428038749,-0.124200161980847,-0.344925789177365,-0.306275304271999
28.73,1.4004533600393,3.89882076265029,3.58761272162834,-0.124096576775055,-0.344641442579394,-0.306036368515252
28.74,1.39921291158303,3.89537576735525,3.58455355143531,-0.123993069191727,-0.344357299579184,-0.305797591087094
28.75,1.3979734978149,3.89193361247393,3.58149676822549,-0.123889639182784,-0.344073360070777,-0.305558971910546
28.76,1.39673511795939,3.88849429597194,3.57844237041676,-0.123786286700165,-0.34378962394823,-0.305320510908651
28.77,1.3954977712415,3.88505781581594,3.57539035642774,-0.12368301169583,-0.343506091105622,-0.305082208004481
28.78,1.39426145688667,3.88162416997368,3.57234072467786,-0.123579814121755,-0.343222761437045,-0.304844063121129
28.79,1.39302617412084,3.87819335641394,3.56929347358728,-0.123476693929937,-0.342939634836615,-0.304606076181714
28.8,1.39179192217043,3.87476537310656,3.56624860157695,-0.123373651072389,-0.342656711198464,-0.30436824710938
28.81,1.39055870026234,3.87134021802246,3.56320610706859,-0.123270685501144,-0.342373990416742,-0.304130575827293
28.82,1.38932650762394,3.8679178891336,3.56016598848466,-0.123167797168254,-0.342091472385623,-0.303893062258646
28.83,1.38809534348309,3.86449838441299,3.55712824424844,-0.123064986025789,-0.341809156999292,-0.303655706326655
28.84,1.38686520706813,3.86108170183473,3.55409287278392,-0.122962252025837,-0.341527044151958,-0.303418507954561
28.85,1.38563609760786,3.85766783937395,3.55105987251591,-0.122859595120508,-0.341245133737844,-0.303181467065628
28.86,1.38440801433158,3.85425679500685,3.54802924186994,-0.122757015261926,-0.3409634256512,-0.302944583583146
28.87,1.38318095646907,3.85084856671068,3.54500097927233,-0.122654512402238,-0.340681919786285,-0.302707857430428
28.88,1.38195492325057,3.84744315246374,3.54197508315018,-0.122552086493607,-0.340400616037383,-0.30247128853081
28.89,1.38072991390681,3.84404055024542,3.53895155193134,-0.122449737488216,-0.340119514298794,-0.302234876807655
28.9,1.379505927669,3.84064075803614,3.53593038404441,-0.122347465338268,-0.339838614464835,-0.301998622184349
28.91,1.37828296376883,3.83724377381737,3.5329115779188,-0.122245269995982,-0.339557916429848,-0.3017625245843
28.92,1.37706102143844,3.83384959557166,3.52989513198464,-0.122143151413599,-0.339277420088187,-0.301526583930943
28.93,1.3758400999105,3.8304582212826,3.52688104467286,-0.122041109543377,-0.338997125334228,-0.301290800147735
28.94,1.3746201984181,3.82706964893484,3.52386931441512,-0.121939144337592,-0.338717032062363,-0.301055173158158
28.95,1.37340131619485,3.82368387651408,3.5208599396439,-0.121837255748543,-0.338437140167008,-0.300819702885717
28.96,1.37218345247481,3.8203009020071,3.51785291879238,-0.121735443728544,-0.338157449542591,-0.300584389253941
28.97,1.37096660649254,3.81692072340171,3.51484825029455,-0.12163370822993,-0.33787796008356,-0.300349232186385
28.98,1.36975077748305,3.81354333868678,3.51184593258514,-0.121532049205054,-0.337598671684385,-0.300114231606625
28.99,1.36853596468185,3.81016874585224,3.50884596409967,-0.121430466606289,-0.337319584239554,-0.299879387438262
29,1.36732216732492,3.80679694288907,3.50584834327439,-0.121328960386027,-0.337040697643568,-0.29964469960492
29.01,1.36610938464871,3.80342792778932,3.50285306854635,-0.121227530496678,-0.336762011790956,-0.299410168030248
29.02,1.36489761589014,3.80006169854608,3.49986013835333,-0.121126176890673,-0.336483526576258,-0.299175792637918
29.03,1.36368686028662,3.79669825315349,3.49686955113389,-0.12102489952046,-0.336205241894035,-0.298941573351625
29.04,1.36247711707604,3.79333758960676,3.49388130532736,-0.120923698338509,-0.335927157638866,-0.298707510095089
29.05,1.36126838549674,3.78997970590214,3.49089539937382,-0.120822573297306,-0.335649273705351,-0.298473602792053
29.06,1.36006066478755,3.78662460003694,3.48791183171411,-0.120721524349358,-0.335371589988106,-0.298239851366282
29.07,1.35885395418779,3.78327227000954,3.48493060078984,-0.120620551447191,-0.335094106381767,-0.298006255741567
29.08,1.35764825293722,3.77992271381934,3.48195170504338,-0.120519654543351,-0.334816822780988,-0.297772815841721
29.09,1.35644356027611,3.77657592946681,3.47897514291787,-0.120418833590402,-0.334539739080439,-0.297539531590582
29.1,1.35523987544518,3.77323191495349,3.4760009128572,-0.120318088540929,-0.334262855174813,-0.297306402912008
29.11,1.35403719768563,3.76989066828194,3.47302901330602,-0.120217419347533,-0.333986170958819,-0.297073429729885
29.12,1.35283552623914,3.7665521874558,3.47005944270975,-0.120116825962837,-0.333709686327187,-0.296840611968118
29.13,1.35163486034786,3.76321647047974,3.46709219951456,-0.120016308339485,-0.333433401174661,-0.296607949550638
29.14,1.35043519925441,3.75988351535952,3.4641272821674,-0.119915866430136,-0.333157315396009,-0.2963754424014
29.15,1.34923654220188,3.7565533201019,3.46116468911596,-0.119815500187472,-0.332881428886013,-0.296143090444378
29.16,1.34803888843386,3.75322588271473,3.45820441880869,-0.119715209564193,-0.332605741539477,-0.295910893603574
29.17,1.34684223719438,3.74990120120691,3.45524646969482,-0.119614994513017,-0.332330253251222,-0.295678851803012
29.18,1.34564658772795,3.74657927358837,3.45229084022433,-0.119514854986685,-0.332054963916085,-0.295446964966736
29.19,1.34445193927957,3.74326009787011,3.44933752884794,-0.119414790937955,-0.331779873428928,-0.295215233018817
29.2,1.34325829109468,3.73994367206418,3.44638653401717,-0.119314802319605,-0.331504981684623,-0.294983655883348
29.21,1.34206564241924,3.73662999418366,3.44343785418425,-0.119214889084431,-0.33123028857807,-0.294752233484444
29.22,1.34087399249963,3.73331906224272,3.4404914878022,-0.119115051185252,-0.330955794004181,-0.294520965746243
29.23,1.33968334058274,3.73001087425654,3.43754743332481,-0.119015288574904,-0.330681497857887,-0.294289852592909
29.24,1.33849368591591,3.72670542824138,3.43460568920659,-0.118915601206243,-0.33040740003414,-0.294058893948624
29.25,1.33730502774696,3.72340272221453,3.43166625390283,-0.118815989032145,-0.330133500427912,-0.293828089737597
29.26,1.33611736532418,3.72010275419435,3.42872912586959,-0.118716452005505,-0.329859798934187,-0.293597439884059
29.27,1.33493069789633,3.71680552220024,3.42579430356366,-0.118616990079238,-0.329586295447973,-0.293366944312263
29.28,1.33374502471265,3.71351102425264,3.42286178544261,-0.118517603206279,-0.329312989864296,-0.293136602946485
29.29,1.33256034502283,3.71021925837306,3.41993156996475,-0.118418291339582,-0.329039882078198,-0.292906415711024
29.3,1.33137665807704,3.70693022258404,3.41700365558916,-0.118319054432121,-0.328766971984742,-0.292676382530202
29.31,1.33019396312594,3.70364391490918,3.41407804077568,-0.118219892436889,-0.328494259479013,-0.292446503328363
29.32,1.32901225942063,3.70036033337312,3.41115472398488,-0.1181208053069,-0.328221744456104,-0.292216778029875
29.33,1.32783154621269,3.69707947600158,3.40823370367812,-0.118021792995187,-0.327949426811135,-0.291987206559129
29.34,1.32665182275418,3.69380134082128,3.4053149783175,-0.117922855454803,-0.327677306439245,-0.291757788840535
29.35,1.32547308829762,3.69052592586002,3.40239854636586,-0.11782399263882,-0.327405383235585,-0.291528524798531
29.36,1.32429534209599,3.68725322914665,3.39948440628683,-0.117725204500331,-0.327133657095332,-0.291299414357574
29.37,1.32311858340277,3.68398324871105,3.39657255654477,-0.117626490992447,-0.326862127913678,-0.291070457442143
29.38,1.32194281147186,3.68071598258416,3.3936629956048,-0.117527852068301,-0.32659079558583,-0.290841653976743
29.39,1.32076802555768,3.67745142879796,3.39075572193279,-0.117429287681043,-0.32631966000702,-0.290613003885899
29.4,1.31959422491509,3.6741895853855,3.38785073399539,-0.117330797783847,-0.326048721072497,-0.290384507094158
29.41,1.31842140879942,3.67093045038085,3.38494803025998,-0.117232382329902,-0.325777978677525,-0.290156163526092
29.42,1.31724957646647,3.66767402181913,3.38204760919469,-0.117134041272421,-0.325507432717388,-0.289927973106293
29.43,1.31607872717251,3.66442029773653,3.37914946926843,-0.117035774564634,-0.325237083087395,-0.289699935759375
29.44,1.31490886017428,3.66116927617027,3.37625360895083,-0.116937582159792,-0.324966929682865,-0.289472051409978
29.45,1.31373997472898,3.6579209551586,3.37336002671231,-0.116839464011166,-0.324696972399138,-0.28924431998276
29.46,1.31257207009429,3.65467533274086,3.37046872102401,-0.116741420072047,-0.324427211131573,-0.289016741402404
29.47,1.31140514552833,3.65143240695739,3.36757969035784,-0.116643450295746,-0.324157645775548,-0.288789315593615
29.48,1.31023920028972,3.64819217584961,3.36469293318647,-0.116545554635592,-0.323888276226462,-0.288562042481119
29.49,1.30907423363753,3.64495463745998,3.3618084479833,-0.116447733044938,-0.323619102379727,-0.288334921989665
29.5,1.3079102448313,3.64171978983198,3.35892623322251,-0.116349985477152,-0.323350124130778,-0.288107954044024
29.51,1.30674723313103,3.63848763101016,3.35604628737901,-0.116252311885627,-0.323081341375067,-0.28788113856899
29.52,1.30558519779718,3.63525815904012,3.35316860892847,-0.116154712223771,-0.322812754008065,-0.287654475489377
29.53,1.30442413809071,3.63203137196849,3.35029319634731,-0.116057186445017,-0.322544361925259,-0.287427964730025
29.54,1.303264053273,3.62880726784295,3.3474200481127,-0.115959734502813,-0.322276165022162,-0.287201606215791
29.55,1.30210494260593,3.62558584471222,3.34454916270258,-0.115862356350632,-0.322008163194296,-0.286975399871557
29.56,1.30094680535182,3.62236710062608,3.34168053859561,-0.115765051941963,-0.321740356337208,-0.286749345622228
29.57,1.29978964077348,3.61915103363533,3.33881417427122,-0.115667821230317,-0.321472744346461,-0.286523443392729
29.58,1.29863344813416,3.61593764179184,3.33595006820958,-0.115570664169225,-0.321205327117638,-0.286297693108006
29.59,1.2974782266976,3.61272692314851,3.33308821889164,-0.115473580712237,-0.320938104546339,-0.286072094693031
29.6,1.29632397572799,3.60951887575929,3.33022862479905,-0.115376570812925,-0.320671076528187,-0.285846648072794
29.61,1.29517069448997,3.60631349767916,3.32737128441426,-0.115279634424879,-0.320404242958816,-0.285621353172308
29.62,1.29401838224867,3.60311078696417,3.32451619622043,-0.115182771501711,-0.320137603733885,-0.285396209916609
29.63,1.29286703826967,3.59991074167137,3.3216633587015,-0.115085981997051,-0.319871158749068,-0.285171218230753
29.64,1.29171666181902,3.59671335985891,3.31881277034214,-0.114989265864552,-0.319604907900061,-0.284946378039819
29.65,1.29056725216323,3.59351863958593,3.31596442962778,-0.114892623057884,-0.319338851082576,-0.284721689268907
29.66,1.28941880856927,3.59032657891266,3.31311833504458,-0.114796053530739,-0.319072988192344,-0.28449715184314
29.67,1.28827133030457,3.58713717590032,3.31027448507948,-0.11469955723683,-0.318807319125114,-0.284272765687661
29.68,1.28712481663704,3.58395042861122,3.30743287822014,-0.114603134129887,-0.318541843776655,-0.284048530727637
29.69,1.28597926683504,3.58076633510869,3.30459351295498,-0.114506784163663,-0.318276562042756,-0.283824446888253
29.7,1.28483468016739,3.5775848934571,3.30175638777318,-0.114410507291931,-0.318011473819223,-0.283600514094719
29.71,1.28369105590338,3.57440610172187,3.29892150116464,-0.114314303468483,-0.317746579001879,-0.283376732272266
29.72,1.28254839331275,3.57122995796946,3.29608885162003,-0.114218172647132,-0.317481877486567,-0.283153101346144
29.73,1.28140669166572,3.56805646026737,3.29325843763076,-0.114122114781711,-0.317217369169151,-0.282929621241629
29.74,1.28026595023296,3.56488560668414,3.29043025768899,-0.114026129826073,-0.316953053945509,-0.282706291884014
29.75,1.27912616828559,3.56171739528935,3.28760431028761,-0.113930217734092,-0.316688931711542,-0.282483113198616
29.76,1.27798734509522,3.55855182415363,3.28478059392029,-0.113834378459661,-0.316425002363169,-0.282260085110773
29.77,1.27684947993389,3.55538889134864,3.28195910708142,-0.113738611956695,-0.316161265796325,-0.282037207545844
29.78,1.27571257207412,3.55222859494708,3.27913984826614,-0.113642918179127,-0.315897721906964,-0.281814480429211
29.79,1.2745766207889,3.54907093302271,3.27632281597035,-0.113547297080913,-0.315634370591062,-0.281591903686275
29.8,1.27344162535165,3.5459159036503,3.27350800869067,-0.113451748616026,-0.315371211744612,-0.281369477242459
29.81,1.27230758503628,3.54276350490568,3.2706954249245,-0.113356272738464,-0.315108245263626,-0.281147201023209
29.82,1.27117449911713,3.53961373486571,3.26788506316996,-0.11326086940224,-0.314845471044131,-0.280925074953991
29.83,1.27004236686903,3.53646659160831,3.26507692192591,-0.11316553856139,-0.31458288898218,-0.280703098960291
29.84,1.26891118756724,3.53332207321241,3.26227099969198,-0.113070280169972,-0.314320498973837,-0.28048127296762
29.85,1.26778096048752,3.53018017775799,3.25946729496853,-0.112975094182061,-0.314058300915192,-0.280259596901505
29.86,1.26665168490604,3.52704090332609,3.25666580625667,-0.112879980551754,-0.313796294702346,-0.280038070687499
29.87,1.26552336009947,3.52390424799875,3.25386653205824,-0.112784939233168,-0.313534480231425,-0.279816694251174
29.88,1.26439598534492,3.52077020985909,3.25106947087585,-0.112689970180441,-0.313272857398573,-0.279595467518122
29.89,1.26326955991995,3.51763878699123,3.24827462121283,-0.112595073347731,-0.31301142609995,-0.279374390413958
29.9,1.2621440831026,3.51450997748036,3.24548198157326,-0.112500248689216,-0.312750186231734,-0.279153462864319
29.91,1.26101955417135,3.51138377941269,3.24269155046197,-0.112405496159094,-0.312489137690127,-0.27893268479486
29.92,1.25989597240514,3.50826019087547,3.23990332638453,-0.112310815711585,-0.312228280371344,-0.278712056131259
29.93,1.25877333708339,3.505139209957,3.23711730784726,-0.112216207300928,-0.311967614171625,-0.278491576799215
29.94,1.25765164748594,3.50202083474659,3.2343334933572,-0.112121670881383,-0.311707138987222,-0.278271246724446
29.95,1.25653090289312,3.49890506333462,3.23155188142216,-0.11202720640723,-0.31144685471441,-0.278051065832695
29.96,1.25541110258571,3.49579189381249,3.22877247055068,-0.11193281383277,-0.311186761249482,-0.277831034049722
29.97,1.25429224584492,3.49268132427263,3.22599525925205,-0.111838493112324,-0.31092685848875,-0.27761115130131
29.98,1.25317433195246,3.48957335280853,3.22322024603628,-0.111744244200234,-0.310667146328543,-0.277391417513262
29.99,1.25205736019046,3.48646797751469,3.22044742941414,-0.111650067050861,-0.310407624665214,-0.277171832611402
30,1.25094132984153,3.48336519648667,3.21767680789715,-0.111555961618588,-0.310148293395126,-0.276952396521576

